0
0
0
0
0
0
0
0
0
0
0
0
0
0
0
0
0
0
0
0
0
0
0
0
0
0
0
0
0
0
0
0
0
0
0
0
0
0
0
0
0
0
0
0
0
0
0
0
0
0
0
0
0
0
0
0
0
0
0
0
0
0
0
0
0
0
0
0
0
0
0
0
0
0
0
0
0
0
0
0
0
0
0
0
0
0
0
0
0
0
0
0
0
0
0
0
0
0
0
0
0
0
0
0
0
0
0
0
0
0
0
0
0
0
0
0
0
0
0
0
0
0
0
0
0
0
0
0
0
0
0
0
0
0
0
0
0
0
0
0
0
0
0
0
0
0
0
0
0
0
0
0
0
0
0
0
0
0
0
0
0
0
0
0
0
0
0
0
0
0
0
0
0
0
0
0
0
0
0
0
0
0
0
0
0
0
0
0
0
0
0
0
0
0
0
0
0
0
0
0
0
0
0
0
0
0
0
0
0
0
0
0
0
0
0
0
0
0
0
0
0
0
0
0
0
0
0
0
0
0
0
0
0
0
0
0
0
0
0
0
0
0
0
0
0
0
0
0
0
0
0
0
0
0
0
0
0
0
0
-5
0
0
0
0
0
0
0
0
0
0
0
0
0
0
0
0
0
0
0
0
0
0
0
0
0
0
0
0
0
0
0
0
0
0
0
0
0
0
0
0
0
0
0
0
0
0
0
0
0
0
0
0
0
0
0
0
0
0
0
0
0
0
0
0
0
0
0
0
0
0
0
0
0
0
0
0
0
0
0
0
0
0
0
0
0
0
0
0
0
0
0
0
0
0
0
0
-4
0
0
-5
-1
0
0
-5
-6
0
0
0
0
0
0
0
0
0
0
0
0
0
0
0
0
0
0
0
0
0
0
0
0
0
0
0
0
0
0
0
0
0
0
0
0
0
0
0
0
0
0
0
0
0
0
0
0
0
0
0
0
0
0
0
0
0
0
0
0
0
0
0
0
0
0
0
0
0
0
0
0
0
0
0
0
0
0
0
0
0
0
0
0
0
0
0
-3
-2
0
-5
0
-10
-7
-8
-9
-10
-8
-9
-10
-7
-4
-4
-3
0
0
0
0
0
0
0
0
0
0
0
0
0
0
0
0
0
0
0
0
0
0
0
0
0
0
0
0
0
0
0
0
0
0
0
0
0
0
0
0
0
0
0
0
0
0
0
0
0
0
0
0
0
0
0
0
0
0
0
0
0
0
0
0
0
0
0
0
0
0
0
0
0
0
0
0
0
0
0
0
0
0
0
-8
-7
-14
-11
-3
-14
-15
-14
-17
-14
0
-8
-16
-14
-21
-19
-2
0
0
0
0
0
0
0
0
0
0
0
0
0
0
0
0
0
0
0
0
0
0
0
0
0
0
0
0
0
0
0
0
0
0
0
0
0
0
0
0
0
0
0
0
0
0
0
0
0
0
0
0
0
0
0
0
0
0
0
0
0
0
0
0
0
0
0
0
0
0
0
0
0
0
0
0
0
0
0
0
0
-4
-7
-4
-6
-15
-15
-8
-13
-16
-16
-19
-19
-7
-21
-20
-20
-24
-25
-3
-6
-6
-11
-4
-11
-6
-8
0
0
0
0
0
0
0
0
0
0
0
0
0
0
0
0
0
0
0
0
0
0
0
0
0
0
0
0
0
0
0
0
0
0
0
0
0
0
0
0
0
0
0
0
0
0
0
0
0
0
0
0
0
0
0
0
0
0
0
0
0
0
0
0
0
0
0
0
0
0
0
0
0
-1
0
-6
-13
-16
-13
-13
-14
-15
-15
-14
-19
-15
-18
-30
-17
-36
-33
-22
-20
-14
-17
-14
-12
-11
-13
-9
-5
-6
0
0
0
0
0
0
0
0
0
0
0
0
0
0
0
0
0
0
0
0
0
0
0
0
0
0
0
0
0
0
0
0
0
0
0
0
0
0
0
0
0
0
0
0
0
0
0
0
0
0
0
0
0
0
0
0
0
0
0
0
0
0
0
0
0
0
0
0
0
0
-4
-3
-6
-11
-13
-16
-14
-18
-20
-19
-19
-18
-27
-15
-21
-29
-28
-29
-34
-30
-24
-19
-21
-24
-22
-25
-19
-20
-10
-8
-5
0
0
0
0
0
0
0
0
0
0
0
0
0
0
0
0
0
0
0
0
0
0
0
0
0
0
0
0
0
0
0
0
0
0
0
0
0
0
0
0
0
0
0
0
0
0
0
0
0
0
0
0
0
0
0
0
0
0
0
0
0
0
0
0
0
0
-4
-4
-9
-16
-13
-24
-21
-24
-24
-21
-25
-22
-25
-28
-27
-25
-27
-33
-32
-28
-20
-29
-29
-25
-28
-24
-29
-23
-29
-29
-23
-15
-11
-12
-10
-6
0
0
0
0
0
0
0
0
0
0
0
0
0
0
0
0
0
0
0
0
0
0
0
0
0
0
0
0
0
0
0
0
0
0
0
0
0
0
0
0
0
0
0
0
0
0
0
0
0
0
0
0
0
0
0
0
0
0
0
0
0
0
-6
-11
-17
-23
-27
-38
-38
-45
-37
-36
-45
-40
-46
-37
-36
-32
-36
-36
-33
-29
-24
-36
-40
-36
-32
-33
-33
-28
-27
-26
-38
-38
-29
-30
-21
-27
-15
-13
-1
0
0
0
0
0
0
0
0
0
0
0
0
0
0
0
0
0
0
0
0
0
0
0
0
0
0
0
0
0
0
0
0
0
0
0
0
0
0
0
0
0
0
0
0
0
0
0
0
0
0
0
0
0
0
0
0
0
-2
-9
-15
-28
-34
-46
-50
-53
-57
-69
-70
-78
-77
-74
-76
-79
-72
-72
-62
-64
-59
-56
-49
-49
-42
-41
-40
-39
-41
-35
-17
-21
-33
-29
-39
-42
-39
-39
-29
-26
-16
-19
-10
-4
0
0
0
0
0
0
0
0
0
0
0
0
0
0
0
0
0
0
0
0
0
0
0
0
0
0
0
0
0
0
0
0
0
0
0
0
0
0
0
0
0
0
0
0
0
0
0
0
0
0
0
0
0
0
0
0
-25
-39
-46
-63
-72
-89
-99
-106
-114
-119
-128
-135
-132
-133
-134
-128
-121
-119
-108
-103
-94
-80
-63
-73
-58
-51
-48
-45
-42
-36
-15
-20
-38
-39
-40
-37
-42
-40
-36
-28
-25
-21
-16
-13
-7
-4
0
0
0
0
0
0
0
0
0
0
0
0
0
0
0
0
0
0
0
0
0
0
0
0
0
0
0
0
0
0
0
0
0
0
0
0
0
0
0
0
0
0
0
0
0
0
0
0
0
0
0
-17
-29
-35
-66
-74
-91
-114
-135
-148
-160
-170
-184
-191
-202
-207
-210
-216
-209
-203
-204
-191
-176
-160
-151
-132
-110
-103
-87
-80
-69
-57
-57
-40
-30
-36
-35
-42
-42
-36
-27
-40
-40
-39
-33
-27
-17
-13
-9
-2
-3
0
0
0
0
0
0
0
0
0
0
0
0
0
0
0
0
0
0
0
0
0
0
0
0
0
0
0
0
0
0
0
0
0
0
0
0
0
0
0
0
0
0
0
0
0
0
0
0
-3
-21
-54
-66
-85
-102
-134
-155
-185
-200
-205
-238
-248
-253
-276
-288
-293
-296
-296
-304
-296
-294
-279
-264
-256
-232
-208
-186
-166
-146
-126
-99
-86
-81
-59
-51
-34
-41
-42
-39
-40
-35
-38
-37
-37
-31
-32
-30
-23
-13
-10
-9
-2
0
0
0
0
0
0
0
0
0
0
0
0
0
0
0
0
0
0
0
0
0
0
0
0
0
0
0
0
0
0
0
0
0
0
0
0
0
0
0
0
0
0
0
0
-1
-6
-24
-44
-71
-97
-122
-129
-169
-179
-219
-236
-282
-302
-312
-340
-361
-378
-400
-387
-392
-396
-395
-382
-372
-367
-353
-351
-327
-305
-277
-251
-214
-182
-152
-132
-111
-89
-71
-60
-53
-46
-41
-44
-39
-37
-32
-22
-35
-33
-28
-25
-18
-18
-9
0
0
0
0
0
0
0
0
0
0
0
0
0
0
0
0
0
0
0
0
0
0
0
0
0
0
0
0
0
0
0
0
0
0
0
0
0
0
0
0
0
0
0
0
-7
-24
-45
-61
-74
-120
-146
-184
-210
-254
-278
-334
-363
-415
-443
-456
-495
-517
-535
-540
-552
-553
-551
-531
-528
-528
-494
-475
-454
-424
-408
-384
-359
-323
-285
-245
-205
-179
-142
-110
-94
-69
-59
-42
-39
-35
-35
-28
-23
-38
-32
-26
-33
-20
-4
0
0
0
0
0
0
0
0
0
0
0
0
0
0
0
0
0
0
0
0
0
0
0
0
0
0
0
0
0
0
0
0
0
0
0
0
0
0
0
0
0
0
0
0
-10
-41
-61
-90
-117
-127
-165
-216
-270
-307
-368
-419
-468
-502
-541
-563
-586
-619
-645
-653
-673
-674
-677
-689
-672
-663
-662
-637
-604
-586
-552
-519
-496
-464
-433
-385
-345
-287
-256
-210
-159
-139
-108
-79
-64
-53
-45
-42
-27
-35
-38
-34
-31
-36
-31
-15
-19
-3
0
0
0
0
0
0
0
0
0
0
0
0
0
0
0
0
0
0
0
0
0
0
0
0
0
0
0
0
0
0
0
0
0
0
0
0
0
0
0
0
0
-27
-49
-70
-113
-148
-163
-206
-268
-310
-376
-434
-483
-534
-573
-610
-655
-682
-724
-742
-772
-797
-799
-806
-809
-829
-806
-800
-794
-786
-752
-740
-695
-664
-614
-577
-537
-483
-457
-403
-356
-298
-239
-193
-154
-123
-93
-74
-61
-51
-39
-45
-38
-26
-32
-32
-37
-22
-27
-18
-10
-11
-6
0
0
0
0
0
0
0
0
0
0
0
0
0
0
0
0
0
0
0
0
0
0
0
0
0
0
0
0
0
0
0
0
0
0
0
0
-1
-23
-55
-83
-119
-154
-208
-251
-292
-384
-437
-484
-540
-602
-662
-697
-748
-788
-822
-856
-883
-898
-917
-926
-936
-943
-934
-933
-921
-922
-899
-867
-856
-842
-803
-771
-714
-652
-598
-538
-504
-465
-414
-342
-274
-214
-172
-133
-101
-74
-60
-49
-47
-42
-36
-31
-35
-36
-26
-29
-25
-19
-14
-8
0
-1
0
0
0
0
0
0
0
0
0
0
0
0
0
0
0
0
0
0
0
0
0
0
0
0
0
0
0
0
0
0
0
0
0
-9
-35
-66
-99
-126
-178
-243
-308
-361
-433
-475
-543
-598
-659
-736
-774
-830
-875
-914
-944
-972
-987
-1014
-1035
-1042
-1059
-1050
-1067
-1052
-1058
-1035
-1015
-994
-972
-941
-906
-887
-848
-797
-744
-670
-611
-552
-495
-458
-387
-303
-243
-188
-147
-105
-86
-68
-54
-42
-39
-41
-36
-29
-33
-27
-22
-22
-19
-14
-3
-5
0
0
0
0
0
0
0
0
0
0
0
0
0
0
0
0
0
0
0
0
0
0
0
0
0
0
0
0
0
0
0
0
0
-29
-63
-96
-131
-181
-261
-326
-404
-454
-505
-595
-644
-717
-795
-843
-899
-932
-968
-1016
-1054
-1074
-1098
-1118
-1130
-1150
-1151
-1158
-1163
-1152
-1152
-1139
-1131
-1107
-1087
-1050
-1018
-967
-938
-912
-846
-804
-730
-657
-584
-544
-485
-406
-329
-265
-202
-147
-112
-90
-65
-51
-40
-33
-31
-29
-35
-24
-18
-27
-22
-20
-9
-2
0
0
0
0
0
0
0
0
0
0
0
0
0
0
0
0
0
0
0
0
0
0
0
0
0
0
0
0
0
0
0
0
-10
-58
-67
-151
-206
-273
-355
-431
-504
-577
-628
-718
-785
-833
-906
-949
-1003
-1052
-1088
-1123
-1155
-1182
-1193
-1220
-1231
-1236
-1252
-1261
-1256
-1249
-1239
-1239
-1221
-1213
-1193
-1168
-1133
-1090
-1046
-1000
-957
-915
-871
-783
-722
-624
-581
-502
-437
-359
-286
-205
-146
-108
-71
-42
-23
-31
-37
-33
-33
-26
-26
-28
-25
-20
-5
0
0
0
0
0
0
0
0
0
0
0
0
0
0
0
0
0
0
0
0
0
0
0
0
0
0
0
0
0
0
0
0
-19
-44
-63
-132
-230
-309
-394
-441
-519
-577
-670
-758
-830
-872
-934
-986
-1043
-1101
-1144
-1177
-1217
-1250
-1264
-1287
-1304
-1314
-1315
-1336
-1339
-1330
-1325
-1321
-1306
-1299
-1286
-1274
-1252
-1214
-1188
-1141
-1098
-1063
-1007
-964
-901
-824
-749
-672
-583
-533
-462
-369
-285
-214
-154
-109
-58
-51
-40
-41
-42
-41
-29
-26
-30
-21
-14
-5
-2
0
0
0
0
0
0
0
0
0
0
0
0
0
0
0
0
0
0
0
0
0
0
0
0
0
0
0
0
0
-7
-32
-71
-91
-120
-221
-333
-405
-464
-547
-595
-710
-791
-868
-920
-960
-1029
-1091
-1135
-1194
-1227
-1263
-1294
-1328
-1343
-1361
-1376
-1389
-1395
-1409
-1408
-1402
-1403
-1395
-1388
-1374
-1364
-1345
-1327
-1296
-1263
-1230
-1193
-1150
-1101
-1044
-968
-921
-857
-774
-693
-600
-540
-465
-374
-282
-211
-154
-107
-74
-50
-39
-39
-32
-26
-30
-34
-21
-13
-14
-8
0
0
0
0
0
0
0
0
0
0
0
0
0
0
0
0
0
0
0
0
0
0
0
0
0
0
0
0
-1
-33
-70
-98
-162
-226
-344
-417
-479
-576
-633
-743
-819
-891
-965
-1004
-1049
-1118
-1179
-1225
-1270
-1304
-1335
-1361
-1392
-1419
-1431
-1440
-1448
-1462
-1465
-1466
-1470
-1461
-1461
-1453
-1442
-1433
-1416
-1387
-1366
-1340
-1311
-1274
-1240
-1185
-1127
-1078
-1005
-943
-866
-791
-708
-616
-545
-471
-367
-284
-203
-148
-96
-64
-48
-38
-26
-35
-30
-27
-20
-15
-9
-6
0
0
0
0
0
0
0
0
0
0
0
0
0
0
0
0
0
0
0
0
0
0
0
0
0
0
0
0
-43
-63
-107
-174
-243
-343
-431
-504
-577
-662
-743
-836
-906
-969
-1045
-1086
-1134
-1199
-1251
-1296
-1335
-1362
-1393
-1421
-1444
-1460
-1477
-1489
-1497
-1512
-1517
-1514
-1520
-1517
-1513
-1510
-1499
-1482
-1468
-1443
-1426
-1398
-1372
-1336
-1307
-1258
-1211
-1151
-1095
-1013
-949
-875
-802
-701
-606
-549
-469
-362
-262
-187
-131
-86
-64
-48
-32
-34
-27
-19
-16
-14
-15
-6
-1
0
0
0
0
0
0
0
0
0
0
0
0
0
0
0
0
0
0
0
0
0
0
0
0
0
0
-37
-71
-104
-170
-260
-338
-432
-506
-583
-670
-771
-840
-927
-990
-1067
-1120
-1170
-1233
-1280
-1319
-1362
-1395
-1421
-1443
-1465
-1481
-1500
-1520
-1538
-1545
-1548
-1553
-1562
-1562
-1567
-1560
-1555
-1550
-1536
-1525
-1508
-1487
-1460
-1438
-1406
-1367
-1329
-1283
-1241
-1166
-1101
-1022
-958
-893
-793
-699
-605
-544
-454
-332
-229
-162
-108
-79
-55
-41
-28
-29
-27
-19
-12
-16
-14
-6
-1
0
0
0
0
0
0
0
0
0
0
0
0
0
0
0
0
0
0
0
0
0
0
0
0
-22
-67
-108
-160
-239
-331
-413
-500
-584
-674
-763
-843
-923
-1000
-1066
-1138
-1186
-1237
-1291
-1339
-1378
-1411
-1441
-1462
-1482
-1499
-1514
-1531
-1548
-1562
-1580
-1591
-1596
-1603
-1605
-1598
-1596
-1594
-1590
-1576
-1565
-1550
-1525
-1511
-1482
-1458
-1418
-1378
-1342
-1296
-1239
-1178
-1110
-1021
-959
-875
-776
-677
-591
-532
-414
-293
-191
-135
-108
-76
-55
-41
-29
-23
-24
-20
-20
-25
-8
-1
0
0
0
0
0
0
0
0
0
0
0
0
0
0
0
0
0
0
0
0
0
0
0
-7
-48
-91
-148
-221
-316
-397
-486
-572
-664
-747
-840
-918
-993
-1069
-1129
-1190
-1244
-1290
-1341
-1383
-1417
-1450
-1473
-1500
-1519
-1528
-1545
-1564
-1583
-1595
-1608
-1623
-1624
-1628
-1635
-1625
-1624
-1620
-1624
-1616
-1602
-1585
-1568
-1552
-1533
-1502
-1470
-1430
-1388
-1347
-1301
-1243
-1175
-1094
-1024
-948
-866
-765
-645
-591
-504
-383
-256
-168
-123
-90
-67
-48
-40
-26
-25
-20
-16
-17
-12
0
0
0
0
0
0
0
0
0
0
0
0
0
0
0
0
0
0
0
0
0
0
0
0
-36
-75
-124
-203
-297
-377
-466
-560
-651
-739
-833
-905
-984
-1067
-1133
-1197
-1243
-1290
-1340
-1378
-1418
-1445
-1473
-1496
-1522
-1542
-1549
-1581
-1600
-1614
-1621
-1632
-1643
-1651
-1656
-1656
-1650
-1649
-1646
-1647
-1636
-1630
-1616
-1600
-1588
-1563
-1541
-1508
-1475
-1439
-1397
-1356
-1303
-1244
-1159
-1087
-995
-935
-835
-728
-617
-577
-480
-320
-229
-173
-114
-84
-59
-45
-37
-24
-19
-18
-15
0
-1
0
0
0
0
0
0
0
0
0
0
0
0
0
0
0
0
0
0
0
0
0
0
-16
-58
-115
-171
-264
-350
-439
-542
-622
-720
-801
-891
-967
-1043
-1117
-1189
-1233
-1288
-1335
-1374
-1409
-1443
-1472
-1500
-1517
-1541
-1559
-1574
-1606
-1622
-1636
-1652
-1658
-1667
-1675
-1682
-1685
-1680
-1688
-1678
-1668
-1664
-1655
-1646
-1629
-1613
-1594
-1576
-1543
-1509
-1470
-1433
-1395
-1339
-1287
-1225
-1149
-1056
-980
-910
-803
-684
-599
-539
-408
-303
-224
-158
-100
-72
-51
-43
-30
-21
-15
-6
0
-10
0
0
0
0
0
0
0
0
0
0
0
0
0
0
0
0
0
0
0
0
0
0
-43
-88
-158
-230
-328
-414
-525
-596
-701
-792
-876
-948
-1034
-1097
-1167
-1228
-1281
-1321
-1370
-1405
-1437
-1464
-1499
-1524
-1545
-1564
-1584
-1603
-1625
-1643
-1665
-1675
-1685
-1689
-1698
-1701
-1702
-1704
-1709
-1699
-1692
-1693
-1683
-1668
-1650
-1639
-1617
-1600
-1573
-1540
-1511
-1473
-1433
-1385
-1337
-1272
-1206
-1114
-1038
-952
-881
-769
-652
-607
-484
-383
-279
-198
-130
-94
-65
-49
-34
-25
-6
-5
-9
-10
-2
-2
0
0
0
0
0
0
0
0
0
0
0
0
0
0
0
0
0
0
0
-11
-69
-123
-190
-276
-374
-474
-555
-659
-752
-843
-912
-993
-1086
-1145
-1196
-1250
-1303
-1349
-1388
-1420
-1451
-1477
-1518
-1536
-1557
-1586
-1607
-1632
-1648
-1669
-1683
-1697
-1708
-1713
-1716
-1718
-1716
-1716
-1718
-1713
-1713
-1705
-1691
-1679
-1668
-1652
-1635
-1617
-1592
-1563
-1534
-1496
-1459
-1416
-1367
-1312
-1254
-1161
-1084
-1014
-935
-825
-715
-619
-537
-441
-339
-235
-162
-116
-73
-52
-32
-26
-14
-6
-6
-11
-5
-6
0
0
0
0
0
0
0
0
0
0
0
0
0
0
0
0
0
0
0
-39
-93
-154
-238
-339
-426
-520
-622
-713
-808
-885
-965
-1055
-1123
-1175
-1228
-1282
-1333
-1370
-1403
-1443
-1468
-1506
-1530
-1554
-1582
-1602
-1630
-1650
-1673
-1687
-1699
-1717
-1720
-1727
-1731
-1730
-1733
-1731
-1729
-1725
-1720
-1713
-1704
-1691
-1686
-1675
-1649
-1628
-1609
-1586
-1554
-1522
-1487
-1447
-1398
-1347
-1291
-1222
-1127
-1048
-963
-885
-773
-662
-593
-494
-394
-278
-204
-145
-95
-62
-49
-23
-23
-17
-12
-11
-4
-1
-2
0
0
0
0
0
0
0
0
0
0
0
0
0
0
0
0
0
-6
-52
-114
-183
-286
-391
-484
-578
-668
-770
-849
-933
-1014
-1080
-1151
-1207
-1248
-1305
-1347
-1388
-1427
-1456
-1485
-1518
-1543
-1573
-1599
-1616
-1639
-1670
-1690
-1705
-1718
-1725
-1728
-1733
-1734
-1734
-1741
-1734
-1733
-1731
-1723
-1714
-1710
-1703
-1697
-1681
-1663
-1637
-1620
-1599
-1565
-1539
-1512
-1460
-1426
-1371
-1316
-1249
-1169
-1087
-993
-923
-838
-713
-605
-544
-430
-321
-232
-165
-114
-67
-52
-33
-29
-27
-16
-8
-8
-5
0
0
0
0
0
0
0
0
0
0
0
0
0
0
0
0
0
0
-25
-76
-140
-230
-317
-417
-509
-610
-718
-805
-889
-967
-1042
-1114
-1176
-1229
-1278
-1319
-1357
-1406
-1434
-1467
-1487
-1527
-1554
-1586
-1612
-1636
-1664
-1678
-1701
-1713
-1726
-1735
-1737
-1743
-1747
-1745
-1737
-1745
-1729
-1725
-1730
-1723
-1717
-1707
-1693
-1682
-1670
-1643
-1626
-1609
-1581
-1554
-1520
-1479
-1438
-1389
-1338
-1286
-1209
-1123
-1037
-954
-880
-769
-640
-561
-481
-358
-265
-184
-118
-77
-54
-36
-26
-15
-10
-9
-8
-1
0
0
0
0
0
0
0
0
0
0
0
0
0
0
0
0
0
0
-32
-98
-170
-258
-365
-457
-568
-664
-747
-847
-915
-1003
-1068
-1136
-1200
-1243
-1289
-1329
-1375
-1409
-1444
-1471
-1506
-1534
-1562
-1597
-1626
-1652
-1676
-1691
-1708
-1715
-1730
-1739
-1735
-1740
-1749
-1747
-1733
-1737
-1726
-1724
-1730
-1718
-1712
-1706
-1694
-1686
-1677
-1652
-1632
-1609
-1591
-1571
-1536
-1502
-1454
-1411
-1361
-1303
-1240
-1162
-1075
-978
-909
-799
-681
-592
-506
-399
-296
-205
-134
-88
-54
-41
-26
-18
-17
-10
-7
-4
0
0
0
0
0
0
0
0
0
0
0
0
0
0
0
0
0
-4
-56
-112
-199
-302
-404
-507
-596
-694
-796
-867
-947
-1024
-1094
-1155
-1209
-1261
-1302
-1345
-1377
-1415
-1452
-1477
-1516
-1545
-1575
-1605
-1634
-1658
-1682
-1696
-1711
-1720
-1726
-1734
-1735
-1730
-1732
-1720
-1727
-1726
-1718
-1718
-1718
-1715
-1704
-1696
-1690
-1691
-1671
-1651
-1631
-1617
-1601
-1565
-1541
-1510
-1466
-1421
-1370
-1325
-1266
-1188
-1103
-1018
-924
-844
-727
-608
-537
-441
-323
-236
-146
-112
-61
-43
-29
-22
-19
-14
-1
0
0
0
0
0
0
0
0
0
0
0
0
0
0
0
0
0
0
-16
-75
-134
-225
-332
-432
-522
-618
-729
-821
-889
-969
-1032
-1111
-1169
-1222
-1267
-1303
-1349
-1378
-1419
-1452
-1490
-1525
-1554
-1585
-1614
-1642
-1669
-1685
-1704
-1710
-1719
-1721
-1726
-1723
-1719
-1714
-1709
-1709
-1704
-1704
-1697
-1700
-1698
-1695
-1685
-1684
-1679
-1668
-1648
-1632
-1612
-1594
-1572
-1542
-1509
-1468
-1434
-1393
-1338
-1280
-1211
-1123
-1043
-949
-862
-777
-639
-555
-469
-363
-260
-177
-120
-56
-36
-34
-14
-10
-14
-9
0
0
0
0
0
0
0
0
0
0
0
0
0
0
0
0
0
0
-37
-88
-156
-264
-368
-455
-549
-645
-755
-840
-916
-988
-1060
-1128
-1180
-1229
-1274
-1306
-1353
-1392
-1430
-1454
-1490
-1528
-1557
-1592
-1620
-1645
-1672
-1690
-1700
-1706
-1713
-1710
-1710
-1708
-1700
-1700
-1694
-1685
-1682
-1680
-1680
-1679
-1676
-1674
-1677
-1673
-1668
-1660
-1646
-1629
-1612
-1596
-1565
-1540
-1505
-1475
-1441
-1394
-1344
-1289
-1227
-1144
-1064
-970
-890
-791
-677
-580
-488
-399
-282
-196
-113
-64
-48
-34
-26
-19
-10
-9
-4
0
0
0
0
0
0
0
0
0
0
0
0
0
0
0
0
0
-32
-105
-188
-291
-390
-486
-573
-671
-770
-861
-934
-1004
-1078
-1136
-1192
-1236
-1282
-1310
-1353
-1390
-1429
-1456
-1484
-1532
-1560
-1589
-1624
-1651
-1661
-1679
-1689
-1702
-1701
-1699
-1689
-1689
-1681
-1676
-1671
-1656
-1659
-1651
-1661
-1660
-1653
-1658
-1659
-1656
-1651
-1644
-1643
-1626
-1615
-1595
-1562
-1543
-1513
-1475
-1440
-1396
-1356
-1302
-1233
-1160
-1079
-982
-892
-824
-698
-590
-517
-429
-305
-200
-121
-89
-58
-34
-26
-19
-11
-3
-8
0
0
0
0
0
0
0
0
0
0
0
0
0
0
0
0
0
-52
-136
-218
-311
-410
-506
-603
-692
-788
-879
-944
-1011
-1082
-1145
-1194
-1236
-1276
-1307
-1342
-1388
-1427
-1454
-1497
-1524
-1559
-1593
-1621
-1640
-1661
-1676
-1682
-1685
-1679
-1676
-1669
-1666
-1648
-1637
-1631
-1627
-1627
-1621
-1629
-1630
-1629
-1627
-1625
-1637
-1639
-1635
-1629
-1619
-1602
-1589
-1562
-1537
-1507
-1469
-1445
-1406
-1353
-1298
-1249
-1175
-1094
-1006
-914
-838
-720
-612
-509
-450
-334
-220
-152
-113
-69
-40
-19
-12
-7
-2
-9
-4
0
0
0
0
0
0
0
0
0
0
0
0
0
0
0
-6
-73
-135
-227
-332
-439
-518
-623
-722
-806
-879
-957
-1019
-1092
-1148
-1204
-1233
-1275
-1314
-1357
-1391
-1424
-1454
-1494
-1527
-1555
-1587
-1612
-1631
-1651
-1659
-1670
-1666
-1665
-1655
-1639
-1635
-1627
-1614
-1603
-1601
-1600
-1595
-1598
-1604
-1607
-1601
-1612
-1625
-1628
-1620
-1618
-1610
-1597
-1582
-1560
-1536
-1506
-1468
-1437
-1393
-1345
-1298
-1258
-1174
-1096
-1013
-932
-839
-739
-629
-521
-456
-355
-254
-175
-115
-67
-40
-19
-14
-9
-10
-4
-4
0
0
0
0
0
0
0
0
0
0
0
0
0
0
0
-15
-69
-149
-234
-358
-444
-539
-635
-723
-811
-897
-960
-1026
-1097
-1145
-1196
-1239
-1275
-1308
-1351
-1384
-1426
-1453
-1495
-1527
-1549
-1579
-1604
-1622
-1630
-1638
-1647
-1639
-1638
-1630
-1620
-1610
-1598
-1592
-1574
-1569
-1566
-1564
-1567
-1571
-1585
-1579
-1598
-1608
-1608
-1612
-1611
-1602
-1590
-1565
-1551
-1532
-1504
-1471
-1431
-1389
-1345
-1297
-1247
-1188
-1115
-1019
-934
-863
-754
-642
-548
-461
-360
-271
-192
-120
-70
-45
-22
-18
-6
-9
0
0
0
0
0
0
0
0
0
0
0
0
0
0
0
0
0
-23
-79
-158
-258
-357
-462
-557
-652
-745
-829
-898
-966
-1034
-1087
-1148
-1200
-1235
-1277
-1304
-1347
-1382
-1425
-1450
-1481
-1516
-1538
-1557
-1576
-1598
-1613
-1625
-1624
-1619
-1617
-1608
-1599
-1590
-1572
-1562
-1544
-1544
-1546
-1541
-1544
-1550
-1560
-1563
-1572
-1591
-1593
-1593
-1596
-1591
-1581
-1558
-1544
-1519
-1491
-1455
-1426
-1385
-1345
-1297
-1242
-1180
-1118
-1025
-953
-863
-767
-653
-554
-482
-378
-278
-192
-126
-78
-51
-33
-20
-5
-3
0
0
0
0
0
0
0
0
0
0
0
0
0
0
0
0
0
-30
-93
-170
-264
-363
-478
-564
-655
-755
-830
-904
-971
-1037
-1096
-1146
-1191
-1219
-1263
-1308
-1342
-1375
-1409
-1439
-1475
-1512
-1523
-1542
-1571
-1586
-1598
-1610
-1607
-1600
-1595
-1589
-1573
-1560
-1545
-1539
-1530
-1519
-1521
-1521
-1522
-1529
-1538
-1549
-1560
-1575
-1578
-1581
-1581
-1579
-1560
-1548
-1531
-1508
-1472
-1442
-1410
-1378
-1336
-1295
-1236
-1177
-1103
-1023
-953
-864
-778
-667
-560
-481
-387
-284
-200
-136
-85
-46
-30
-11
-8
-4
-6
0
0
0
0
0
0
0
0
0
0
0
0
0
0
0
0
-32
-94
-183
-272
-379
-475
-572
-668
-747
-832
-899
-962
-1031
-1100
-1148
-1192
-1223
-1259
-1301
-1325
-1361
-1396
-1433
-1468
-1496
-1519
-1539
-1559
-1575
-1587
-1582
-1582
-1583
-1569
-1560
-1546
-1538
-1528
-1518
-1515
-1505
-1503
-1499
-1502
-1515
-1525
-1535
-1545
-1556
-1559
-1565
-1567
-1565
-1551
-1536
-1519
-1501
-1469
-1429
-1398
-1367
-1326
-1284
-1233
-1174
-1095
-1029
-948
-870
-777
-661
-568
-492
-388
-289
-203
-142
-89
-51
-29
-7
-9
-1
-3
-2
0
0
0
0
0
0
0
0
0
0
0
0
0
0
0
-39
-108
-184
-280
-398
-490
-570
-667
-750
-835
-903
-964
-1028
-1088
-1132
-1178
-1215
-1259
-1289
-1321
-1358
-1394
-1425
-1453
-1480
-1512
-1533
-1544
-1558
-1564
-1558
-1562
-1565
-1552
-1544
-1536
-1530
-1513
-1495
-1501
-1495
-1488
-1485
-1491
-1504
-1515
-1523
-1532
-1543
-1549
-1552
-1552
-1544
-1540
-1530
-1510
-1487
-1457
-1422
-1389
-1357
-1318
-1270
-1225
-1165
-1097
-1023
-944
-855
-774
-669
-566
-488
-396
-287
-203
-145
-90
-54
-39
-19
-14
-1
-1
0
0
0
0
0
0
0
0
0
0
0
0
0
0
0
0
-37
-109
-189
-288
-391
-490
-575
-667
-752
-838
-900
-966
-1027
-1074
-1135
-1177
-1211
-1244
-1274
-1303
-1344
-1377
-1415
-1441
-1466
-1489
-1512
-1529
-1540
-1549
-1547
-1549
-1544
-1534
-1528
-1521
-1516
-1506
-1483
-1480
-1477
-1475
-1480
-1489
-1496
-1504
-1513
-1523
-1529
-1543
-1542
-1544
-1528
-1529
-1517
-1491
-1466
-1438
-1410
-1377
-1350
-1308
-1259
-1209
-1149
-1085
-1018
-934
-852
-766
-665
-559
-475
-399
-291
-213
-140
-85
-55
-32
-31
-4
0
-1
0
0
0
0
0
0
0
0
0
0
0
0
0
0
0
0
-42
-113
-198
-289
-393
-490
-572
-672
-767
-826
-902
-960
-1019
-1075
-1130
-1165
-1196
-1229
-1262
-1290
-1331
-1362
-1392
-1426
-1451
-1469
-1493
-1510
-1524
-1532
-1529
-1531
-1529
-1523
-1514
-1503
-1493
-1488
-1484
-1478
-1472
-1473
-1477
-1474
-1473
-1504
-1511
-1520
-1529
-1536
-1535
-1534
-1526
-1512
-1495
-1472
-1456
-1427
-1401
-1361
-1332
-1292
-1244
-1193
-1133
-1082
-1003
-927
-847
-759
-654
-560
-471
-390
-295
-211
-139
-88
-51
-34
-24
-9
-1
-9
-6
0
0
0
0
0
0
0
0
0
0
0
0
0
0
0
-40
-110
-192
-289
-402
-487
-572
-662
-744
-823
-889
-955
-1013
-1066
-1107
-1149
-1189
-1212
-1251
-1282
-1312
-1346
-1378
-1401
-1433
-1452
-1469
-1483
-1501
-1511
-1512
-1512
-1513
-1509
-1501
-1493
-1483
-1475
-1473
-1468
-1465
-1468
-1468
-1474
-1478
-1493
-1501
-1513
-1518
-1525
-1523
-1521
-1514
-1493
-1474
-1458
-1433
-1404
-1378
-1347
-1307
-1272
-1225
-1176
-1124
-1053
-979
-914
-832
-740
-645
-544
-464
-380
-281
-203
-142
-90
-56
-38
-17
-11
-12
-7
-1
0
0
0
0
0
0
0
0
0
0
0
0
0
0
0
-38
-113
-181
-278
-386
-481
-564
-661
-734
-816
-875
-935
-1002
-1045
-1093
-1144
-1188
-1207
-1238
-1275
-1290
-1333
-1364
-1384
-1413
-1434
-1453
-1464
-1473
-1485
-1491
-1495
-1495
-1483
-1481
-1479
-1472
-1464
-1463
-1465
-1466
-1461
-1466
-1468
-1484
-1486
-1501
-1503
-1507
-1516
-1514
-1510
-1499
-1479
-1464
-1440
-1416
-1384
-1358
-1324
-1288
-1250
-1203
-1155
-1102
-1034
-960
-897
-812
-734
-628
-534
-456
-360
-262
-191
-130
-87
-49
-36
-19
-9
-1
0
0
0
0
0
0
0
0
0
0
0
0
0
0
0
0
0
-25
-103
-172
-268
-370
-470
-551
-642
-728
-797
-868
-931
-988
-1033
-1080
-1128
-1163
-1193
-1223
-1251
-1287
-1315
-1337
-1366
-1393
-1415
-1430
-1448
-1446
-1465
-1470
-1473
-1478
-1473
-1469
-1463
-1456
-1458
-1453
-1456
-1457
-1457
-1461
-1464
-1469
-1485
-1488
-1496
-1505
-1508
-1501
-1491
-1485
-1461
-1442
-1425
-1395
-1365
-1337
-1306
-1267
-1226
-1186
-1131
-1077
-1020
-946
-884
-799
-713
-615
-530
-444
-328
-250
-183
-131
-78
-50
-31
-18
-10
-2
0
0
0
0
0
0
0
0
0
0
0
0
0
0
0
0
0
-12
-94
-171
-262
-355
-460
-541
-631
-716
-783
-851
-910
-971
-1021
-1072
-1114
-1147
-1173
-1205
-1228
-1268
-1293
-1316
-1334
-1359
-1389
-1401
-1419
-1409
-1434
-1442
-1451
-1461
-1458
-1455
-1453
-1453
-1454
-1448
-1450
-1453
-1459
-1456
-1459
-1470
-1474
-1478
-1490
-1498
-1498
-1486
-1475
-1457
-1443
-1419
-1400
-1375
-1346
-1315
-1282
-1239
-1201
-1159
-1102
-1053
-987
-926
-858
-787
-686
-591
-510
-434
-312
-233
-174
-118
-70
-44
-30
-17
0
0
0
0
0
0
0
0
0
0
0
0
0
0
0
0
0
0
0
-3
-82
-152
-242
-342
-440
-530
-613
-698
-768
-838
-893
-942
-1002
-1050
-1086
-1134
-1161
-1184
-1209
-1236
-1267
-1293
-1314
-1337
-1365
-1378
-1393
-1398
-1416
-1422
-1440
-1441
-1442
-1444
-1440
-1450
-1445
-1439
-1446
-1446
-1453
-1457
-1456
-1464
-1467
-1473
-1476
-1485
-1478
-1470
-1454
-1437
-1421
-1393
-1367
-1339
-1313
-1287
-1253
-1219
-1170
-1127
-1083
-1022
-958
-903
-840
-758
-667
-563
-500
-413
-305
-228
-155
-104
-65
-39
-25
-12
0
0
0
0
0
0
0
0
0
0
0
0
0
0
0
0
0
0
0
-2
-64
-131
-218
-323
-419
-497
-590
-666
-755
-814
-874
-929
-978
-1028
-1061
-1105
-1142
-1168
-1189
-1220
-1243
-1268
-1295
-1315
-1342
-1357
-1373
-1386
-1394
-1391
-1406
-1425
-1431
-1428
-1432
-1434
-1433
-1432
-1438
-1443
-1445
-1448
-1450
-1452
-1455
-1462
-1466
-1461
-1454
-1447
-1429
-1414
-1384
-1368
-1341
-1302
-1276
-1249
-1221
-1186
-1140
-1098
-1053
-987
-932
-874
-820
-720
-626
-541
-461
-393
-279
-205
-136
-82
-56
-30
-24
-3
0
0
-3
0
0
0
0
0
0
0
0
0
0
0
0
0
0
0
0
0
-55
-116
-205
-299
-385
-491
-572
-653
-726
-799
-855
-909
-957
-1005
-1048
-1082
-1115
-1140
-1170
-1206
-1222
-1239
-1268
-1293
-1309
-1332
-1354
-1367
-1375
-1385
-1394
-1392
-1404
-1412
-1421
-1419
-1422
-1421
-1428
-1434
-1426
-1435
-1443
-1443
-1443
-1444
-1445
-1443
-1436
-1420
-1399
-1381
-1356
-1335
-1307
-1272
-1252
-1220
-1189
-1149
-1108
-1068
-1014
-955
-904
-851
-777
-684
-603
-516
-440
-355
-272
-200
-114
-61
-34
-20
-20
-3
0
0
0
0
0
0
0
0
0
0
0
0
0
0
0
0
0
0
0
0
-42
-104
-176
-277
-373
-449
-542
-622
-698
-767
-831
-883
-936
-986
-1018
-1066
-1093
-1131
-1150
-1174
-1200
-1219
-1240
-1263
-1280
-1295
-1321
-1335
-1344
-1359
-1375
-1376
-1385
-1389
-1400
-1399
-1405
-1409
-1416
-1419
-1419
-1423
-1433
-1432
-1431
-1427
-1422
-1414
-1407
-1391
-1370
-1351
-1326
-1301
-1275
-1227
-1216
-1183
-1149
-1110
-1066
-1010
-971
-926
-879
-818
-742
-665
-575
-495
-415
-319
-250
-175
-110
-60
-38
-13
-11
-4
0
0
0
0
0
0
0
0
0
0
0
0
0
0
0
0
0
0
0
0
-14
-85
-147
-241
-337
-424
-498
-595
-670
-742
-812
-849
-906
-953
-991
-1025
-1063
-1098
-1125
-1151
-1169
-1185
-1209
-1233
-1254
-1273
-1295
-1306
-1318
-1327
-1348
-1356
-1361
-1364
-1376
-1385
-1384
-1391
-1396
-1401
-1407
-1408
-1407
-1416
-1409
-1398
-1395
-1381
-1371
-1354
-1340
-1312
-1293
-1262
-1234
-1191
-1174
-1142
-1113
-1075
-1028
-959
-925
-887
-837
-770
-709
-622
-534
-455
-377
-291
-221
-150
-105
-56
-39
-14
-2
0
0
0
0
0
0
0
0
0
0
0
0
0
0
0
0
0
0
0
0
0
-6
-72
-126
-211
-300
-399
-485
-548
-634
-697
-784
-828
-892
-926
-969
-1000
-1036
-1073
-1092
-1115
-1141
-1170
-1185
-1203
-1220
-1243
-1265
-1282
-1296
-1301
-1321
-1329
-1335
-1346
-1353
-1363
-1362
-1371
-1378
-1380
-1385
-1387
-1382
-1382
-1379
-1374
-1359
-1354
-1335
-1312
-1299
-1281
-1253
-1228
-1206
-1167
-1151
-1118
-1080
-1041
-991
-947
-903
-859
-802
-750
-668
-585
-499
-425
-344
-270
-196
-131
-79
-49
-24
-7
0
0
0
0
0
0
0
0
0
0
0
0
0
0
0
0
0
0
0
0
0
0
0
-40
-103
-186
-270
-359
-444
-528
-597
-664
-726
-799
-853
-897
-940
-974
-1013
-1043
-1061
-1083
-1125
-1139
-1154
-1177
-1197
-1213
-1228
-1248
-1263
-1274
-1289
-1298
-1304
-1318
-1326
-1334
-1339
-1350
-1351
-1356
-1353
-1355
-1351
-1350
-1345
-1336
-1319
-1307
-1295
-1281
-1257
-1235
-1212
-1180
-1162
-1133
-1105
-1077
-1048
-1005
-962
-927
-877
-834
-778
-696
-626
-542
-465
-384
-313
-243
-164
-116
-71
-35
-13
-1
0
0
0
0
0
0
0
0
0
0
0
0
0
0
0
0
0
0
0
0
0
0
0
-9
-77
-145
-239
-318
-405
-492
-563
-627
-699
-765
-820
-869
-910
-945
-986
-1008
-1034
-1067
-1088
-1112
-1130
-1144
-1160
-1185
-1199
-1213
-1218
-1242
-1258
-1275
-1279
-1287
-1294
-1293
-1307
-1321
-1319
-1318
-1321
-1309
-1320
-1312
-1304
-1293
-1282
-1261
-1248
-1236
-1220
-1191
-1171
-1150
-1125
-1092
-1061
-1032
-1005
-971
-930
-885
-846
-795
-730
-660
-587
-512
-434
-351
-280
-212
-144
-92
-51
-25
-12
0
0
0
0
0
0
0
0
0
0
0
0
0
0
0
0
0
0
0
0
0
0
0
0
0
-51
-112
-195
-277
-360
-450
-523
-592
-660
-727
-779
-831
-875
-919
-952
-981
-1006
-1031
-1051
-1074
-1092
-1107
-1127
-1148
-1162
-1175
-1191
-1207
-1223
-1234
-1244
-1241
-1245
-1256
-1274
-1283
-1285
-1279
-1274
-1270
-1274
-1271
-1264
-1244
-1230
-1219
-1213
-1194
-1168
-1145
-1131
-1103
-1073
-1059
-1024
-997
-967
-927
-892
-850
-805
-737
-680
-616
-540
-467
-391
-315
-247
-177
-122
-77
-39
-16
0
0
0
0
0
0
0
0
0
0
0
0
0
0
0
0
0
0
0
0
0
0
0
0
0
0
-8
-75
-155
-241
-321
-410
-484
-541
-614
-690
-751
-795
-841
-879
-922
-949
-973
-999
-1021
-1046
-1066
-1080
-1095
-1115
-1131
-1143
-1159
-1166
-1178
-1195
-1196
-1197
-1214
-1216
-1226
-1234
-1239
-1240
-1234
-1230
-1222
-1222
-1218
-1207
-1203
-1180
-1153
-1148
-1129
-1114
-1091
-1067
-1042
-1010
-990
-958
-934
-888
-847
-806
-757
-699
-637
-567
-493
-415
-353
-265
-215
-141
-84
-56
-30
-6
0
0
0
0
0
0
0
0
0
0
0
0
0
0
0
0
0
0
0
0
0
0
0
0
0
0
0
-53
-117
-188
-285
-352
-439
-504
-577
-633
-699
-758
-801
-844
-879
-918
-939
-967
-995
-1017
-1035
-1045
-1059
-1079
-1092
-1104
-1125
-1129
-1140
-1155
-1154
-1166
-1166
-1176
-1195
-1191
-1195
-1193
-1192
-1190
-1172
-1165
-1165
-1160
-1147
-1139
-1117
-1102
-1081
-1062
-1046
-1023
-999
-975
-942
-913
-889
-849
-807
-759
-706
-658
-592
-522
-445
-368
-298
-235
-178
-106
-63
-33
-16
0
0
0
0
0
0
0
0
0
0
0
0
0
0
0
0
0
0
0
0
0
0
0
0
0
0
0
0
-31
-78
-153
-221
-308
-393
-458
-535
-604
-660
-712
-764
-808
-851
-880
-906
-939
-961
-985
-1004
-1020
-1018
-1040
-1066
-1078
-1081
-1093
-1097
-1109
-1122
-1127
-1136
-1142
-1143
-1154
-1158
-1163
-1156
-1146
-1124
-1118
-1113
-1115
-1096
-1090
-1075
-1056
-1040
-1017
-1010
-986
-960
-939
-913
-874
-855
-809
-768
-726
-658
-605
-544
-472
-399
-337
-268
-205
-132
-75
-54
-28
-7
0
0
0
0
0
0
0
0
0
0
0
0
0
0
0
0
0
0
0
0
0
0
0
0
0
0
0
0
0
-49
-110
-178
-260
-346
-414
-491
-546
-608
-667
-708
-765
-800
-840
-872
-894
-924
-945
-964
-986
-1000
-1013
-1020
-1028
-1040
-1057
-1067
-1072
-1074
-1080
-1088
-1094
-1103
-1102
-1104
-1097
-1101
-1087
-1084
-1070
-1072
-1068
-1056
-1041
-1030
-1010
-1000
-978
-959
-941
-914
-890
-868
-835
-797
-758
-710
-649
-612
-540
-484
-427
-352
-285
-222
-163
-107
-69
-40
-12
0
0
0
0
0
0
0
0
0
0
0
0
0
0
0
0
0
0
0
0
0
0
0
0
0
0
0
0
0
0
-24
-77
-136
-210
-287
-364
-421
-489
-548
-610
-657
-709
-759
-794
-831
-864
-891
-914
-931
-949
-966
-977
-989
-1008
-1007
-1012
-1023
-1031
-1043
-1044
-1054
-1055
-1052
-1060
-1062
-1063
-1060
-1042
-1035
-1035
-1025
-1020
-1012
-996
-990
-968
-955
-939
-920
-893
-873
-855
-831
-789
-762
-712
-655
-605
-554
-497
-431
-364
-302
-234
-185
-135
-87
-54
-22
-1
0
0
0
0
0
0
0
0
0
0
0
0
0
0
0
0
0
0
0
0
0
0
0
0
0
0
0
0
0
0
0
-43
-101
-174
-228
-303
-384
-444
-504
-558
-604
-655
-712
-752
-790
-825
-855
-881
-900
-920
-936
-948
-958
-963
-972
-983
-992
-995
-1000
-1007
-1010
-1015
-1012
-1015
-1016
-1017
-1012
-1008
-1004
-997
-986
-974
-966
-954
-944
-936
-917
-903
-884
-861
-842
-810
-787
-741
-700
-664
-612
-557
-502
-434
-375
-304
-255
-199
-151
-98
-62
-33
-9
0
0
0
0
0
0
0
0
0
0
0
0
0
0
0
0
0
0
0
0
0
0
0
0
0
0
0
0
0
0
0
0
-7
-56
-119
-176
-251
-321
-375
-450
-502
-546
-604
-646
-695
-749
-774
-811
-827
-861
-887
-906
-918
-925
-930
-944
-951
-951
-965
-967
-962
-969
-979
-976
-980
-985
-975
-973
-966
-969
-952
-943
-929
-923
-922
-915
-886
-871
-859
-840
-824
-790
-763
-723
-691
-658
-594
-545
-510
-442
-375
-322
-251
-215
-163
-109
-64
-27
0
0
0
0
0
0
0
0
0
0
0
0
0
0
0
0
0
0
0
0
0
0
0
0
0
0
0
0
0
0
0
0
0
0
0
-25
-91
-123
-188
-259
-333
-392
-443
-503
-557
-601
-652
-687
-729
-760
-789
-826
-836
-863
-881
-893
-904
-918
-925
-925
-928
-937
-932
-936
-942
-945
-948
-940
-941
-935
-932
-925
-917
-904
-902
-891
-882
-872
-855
-845
-819
-798
-773
-745
-709
-672
-638
-597
-548
-498
-448
-386
-324
-264
-214
-169
-116
-74
-44
-5
0
0
0
0
0
0
0
0
0
0
0
0
0
0
0
0
0
0
0
0
0
0
0
0
0
0
0
0
0
0
0
0
0
0
0
0
-38
-88
-146
-186
-246
-333
-387
-450
-496
-537
-585
-632
-673
-701
-740
-769
-790
-818
-839
-856
-872
-881
-887
-889
-903
-907
-909
-907
-915
-911
-914
-916
-908
-900
-899
-891
-886
-875
-867
-858
-849
-833
-817
-802
-782
-754
-722
-684
-658
-617
-580
-539
-491
-439
-373
-329
-277
-224
-172
-123
-80
-43
-25
-5
0
0
0
0
0
0
0
0
0
0
0
0
0
0
0
0
0
0
0
0
0
0
0
0
0
0
0
0
0
0
0
0
0
0
0
0
-1
-50
-97
-138
-196
-261
-314
-381
-428
-486
-531
-575
-622
-647
-682
-712
-739
-765
-792
-812
-819
-844
-850
-853
-864
-871
-878
-879
-876
-876
-876
-873
-868
-871
-864
-858
-848
-839
-827
-820
-803
-789
-772
-752
-726
-700
-664
-622
-599
-557
-517
-462
-425
-365
-315
-274
-223
-172
-128
-85
-49
-2
0
0
0
0
0
0
0
0
0
0
0
0
0
0
0
0
0
0
0
0
0
0
0
0
0
0
0
0
0
0
0
0
0
0
0
0
0
0
0
-6
-46
-83
-130
-192
-248
-298
-366
-422
-463
-515
-552
-592
-625
-656
-689
-711
-737
-763
-776
-789
-802
-813
-827
-837
-842
-838
-843
-842
-841
-837
-839
-830
-829
-818
-810
-792
-784
-777
-764
-743
-715
-699
-669
-648
-609
-582
-540
-498
-456
-405
-349
-304
-261
-220
-181
-132
-94
-55
-25
0
0
0
0
0
0
0
0
0
0
0
0
0
0
0
0
0
0
0
0
0
0
0
0
0
0
0
0
0
0
0
0
0
0
0
0
0
0
0
0
0
0
-40
-91
-135
-178
-243
-295
-350
-403
-453
-490
-528
-566
-593
-620
-657
-684
-700
-720
-747
-756
-768
-775
-784
-788
-796
-798
-797
-800
-800
-794
-785
-781
-773
-760
-749
-735
-712
-700
-684
-662
-638
-607
-591
-562
-517
-467
-434
-377
-336
-291
-249
-202
-160
-134
-90
-63
-34
-14
0
0
0
0
0
0
0
0
0
0
0
0
0
0
0
0
0
0
0
0
0
0
0
0
0
0
0
0
0
0
0
0
0
0
0
0
0
0
0
0
0
0
-4
-54
-84
-132
-166
-229
-265
-327
-375
-423
-461
-490
-529
-564
-586
-609
-637
-660
-678
-693
-700
-717
-738
-740
-736
-747
-754
-755
-754
-748
-736
-730
-721
-700
-696
-685
-664
-650
-621
-599
-573
-550
-523
-485
-435
-410
-358
-317
-277
-229
-191
-148
-121
-83
-55
-30
-13
0
0
0
0
0
0
0
0
0
0
0
0
0
0
0
0
0
0
0
0
0
0
0
0
0
0
0
0
0
0
0
0
0
0
0
0
0
0
0
0
0
0
0
0
-1
-37
-70
-116
-159
-199
-246
-306
-336
-398
-438
-457
-496
-524
-549
-569
-598
-612
-630
-639
-656
-672
-677
-682
-687
-689
-693
-684
-687
-690
-679
-666
-652
-636
-617
-602
-588
-556
-532
-511
-484
-453
-416
-376
-327
-290
-254
-217
-180
-131
-94
-78
-50
-27
-3
0
0
0
0
0
0
0
0
0
0
0
0
0
0
0
0
0
0
0
0
0
0
0
0
0
0
0
0
0
0
0
0
0
0
0
0
0
0
0
0
0
0
0
0
0
0
0
-17
-55
-92
-134
-173
-215
-267
-323
-350
-386
-428
-446
-470
-502
-523
-545
-560
-576
-597
-601
-614
-617
-621
-625
-629
-623
-627
-622
-619
-604
-593
-577
-558
-543
-522
-500
-470
-440
-402
-379
-345
-296
-269
-225
-184
-169
-137
-96
-63
-45
-22
0
0
0
0
0
0
0
0
0
0
0
0
0
0
0
0
0
0
0
0
0
0
0
0
0
0
0
0
0
0
0
0
0
0
0
0
0
0
0
0
0
0
0
0
0
0
0
0
0
0
-9
-31
-78
-113
-149
-186
-222
-275
-306
-340
-374
-398
-433
-447
-462
-493
-510
-525
-538
-545
-547
-558
-567
-570
-564
-559
-545
-546
-543
-528
-492
-483
-467
-440
-422
-381
-370
-336
-304
-261
-226
-201
-164
-146
-115
-79
-58
-37
-10
0
0
0
0
0
0
0
0
0
0
0
0
0
0
0
0
0
0
0
0
0
0
0
0
0
0
0
0
0
0
0
0
0
0
0
0
0
0
0
0
0
0
0
0
0
0
0
0
0
0
0
0
0
-22
-59
-94
-125
-158
-188
-221
-261
-289
-318
-352
-379
-399
-421
-434
-442
-458
-467
-481
-488
-487
-493
-498
-481
-477
-467
-458
-445
-430
-416
-382
-354
-311
-305
-285
-262
-226
-196
-161
-132
-123
-97
-69
-39
-21
0
0
0
0
0
0
0
0
0
0
0
0
0
0
0
0
0
0
0
0
0
0
0
0
0
0
0
0
0
0
0
0
0
0
0
0
0
0
0
0
0
0
0
0
0
0
0
0
0
0
0
0
0
0
0
0
-15
-36
-73
-92
-123
-152
-177
-224
-242
-271
-290
-301
-323
-356
-371
-384
-395
-393
-413
-414
-423
-416
-404
-409
-395
-375
-374
-351
-332
-314
-264
-245
-238
-210
-197
-168
-137
-113
-126
-66
-48
-24
-13
0
0
0
0
0
0
0
0
0
0
0
0
0
0
0
0
0
0
0
0
0
0
0
0
0
0
0
0
0
0
0
0
0
0
0
0
0
0
0
0
0
0
0
0
0
0
0
0
0
0
0
0
0
0
0
0
0
0
0
-10
-32
-60
-86
-112
-128
-154
-179
-191
-212
-239
-258
-279
-294
-309
-311
-321
-318
-317
-320
-325
-314
-299
-292
-281
-265
-250
-232
-201
-163
-173
-150
-124
-108
-83
-62
-10
0
0
0
0
0
0
0
0
0
0
0
0
0
0
0
0
0
0
0
0
0
0
0
0
0
0
0
0
0
0
0
0
0
0
0
0
0
0
0
0
0
0
0
0
0
0
0
0
0
0
0
0
0
0
0
0
0
0
0
0
0
0
0
0
0
-9
-35
-51
-79
-102
-123
-133
-150
-170
-188
-202
-203
-226
-233
-232
-234
-239
-232
-227
-219
-213
-214
-203
-193
-183
-170
-145
-120
-114
-97
-62
-44
-27
-8
-4
-1
0
0
0
0
0
0
0
0
0
0
0
0
0
0
0
0
0
0
0
0
0
0
0
0
0
0
0
0
0
0
0
0
0
0
0
0
0
0
0
0
0
0
0
0
0
0
0
0
0
0
0
0
0
0
0
0
0
0
0
0
0
0
0
0
0
0
0
-24
-48
-66
-78
-86
-114
-120
-131
-137
-133
-157
-157
-170
-162
-158
-148
-146
-151
-149
-138
-132
-113
-89
-82
-66
-29
-29
-18
0
0
0
0
0
0
0
0
0
0
0
0
0
0
0
0
0
0
0
0
0
0
0
0
0
0
0
0
0
0
0
0
0
0
0
0
0
0
0
0
0
0
0
0
0
0
0
0
0
0
0
0
0
0
0
0
0
0
0
0
0
0
0
0
0
0
0
0
0
0
0
0
0
0
-11
-20
-41
-53
-59
-70
-82
-80
-84
-98
-94
-95
-102
-90
-79
-95
-91
-82
-67
-48
-34
-16
-14
0
0
0
0
0
0
0
0
0
0
0
0
0
0
0
0
0
0
0
0
0
0
0
0
0
0
0
0
0
0
0
0
0
0
0
0
0
0
0
0
0
0
0
0
0
0
0
0
0
0
0
0
0
0
0
0
0
0
0
0
0
0
0
0
0
0
0
0
0
0
0
0
0
0
0
0
0
0
0
0
-7
-17
-26
-38
-42
-29
-43
-30
-42
-29
-29
-34
-40
-42
-29
-7
0
0
0
0
0
0
0
0
0
0
0
0
0
0
0
0
0
0
0
0
0
0
0
0
0
0
0
0
0
0
0
0
0
0
0
0
0
0
0
0
0
0
0
0
0
0
0
0
0
0
0
0
0
0
0
0
0
0
0
0
0
0
0
0
0
0
0
0
0
0
0
0
0
0
0
0
0
0
0
0
0
0
0
0
0
0
0
0
0
0
0
0
0
0
0
0
0
0
0
0
0
0
0
0
0
0
0
0
0
0
0
0
0
0
0
0
0
0
0
0
0
0
0
0
0
0
0
0
0
0
0
0
0
0
0
0
0
0
0
0
0
0
0
0
0
0
0
0
0
0
0
0
0
0
0
0
0
0
0
0
0
0
0
0
0
0
0
0
0
0
0
0
0
0
0
0
0
0
0
0
0
0
0
0
0
0
0
0
0
0
0
0
0
0
0
0
0
0
0
0
0
0
0
0
0
0
0
0
0
0
0
0
0
0
0
0
0
0
0
0
0
0
0
0
0
0
0
0
0
0
0
0
0
0
0
0
0
0
0
0
0
0
0
0
0
0
0
0
0
0
0
0
0
0
0
0
0
0
0
0
0
0
0
0
0
0
0
0
0
0
0
0
0
0
0
0
0
0
0
0
0
0
0
0
0
0
0
0
0
0
0
0
0
0
0
0
0
0
0
0
0
0
0
0
0
0
0
0
0
0
0
0
0
0
0
0
0
0
0
0
0
0
0
0
0
0
0
0
0
0
0
0
0
0
0
0
0
0
0
0
0
0
0
0
0
0
0
0
0
0
0
0
0
0
0
0
0
0
0
0
0
0
0
0
0
0
0
0
0
0
0
0
0
0
0
0
0
0
0
0
0
0
0
0
0
0
0
0
0
0
0
0
0
0
0
0
0
0
0
0
0
0
0
0
0
0
0
0
0
0
0
0
0
0
0
0
0
0
0
0
0
0
0
0
0
0
0
0
0
0
0
0
0
0
0
0
0
0
0
0
0
0
0
0
0
0
0
0
0
0
0
0
0
0
0
0
0
0
0
0
0
0
0
0
0
0
0
0
0
0
0
0
0
0
0
0
0
0
0
0
0
0
0
0
0
0
0
0
0
0
0
0
0
0
0
0
0
0
0
0
0
0
0
0
0
0
0
0
0
0
0
0
0
0
0
0
0
0
0
0
0
0
0
0
0
0
0
0
0
0
0
0
0
0
0
0
0
0
0
0
0
0
0
0
0
0
0
0
0
0
0
0
0
0
0
0
0
0
0
0
0
0
0
0
0
0
0
0
0
0
0
0
0
0
0
0
0
0
0
0
0
0
0
0
0
0
0
0
0
0
0
0
0
0
0
0
0
0
0
0
0
0
0
0
0
0
0
0
0
0
0
0
0
0
0
0
0
0
0
0
0
0
0
0
0
0
0
0
0
0
0
0
0
0
0
0
0
0
0
0
0
0
0
0
0
0
0
0
0
0
0
0
0
0
0
0
0
0
0
0
0
0
0
0
0
0
0
0
0
0
0
0
0
0
0
0
0
0
0
0
0
0
0
0
0
0
0
0
0
0
0
0
0
0
0
0
0
0
0
0
0
0
0
0
0
0
0
0
0
0
0
0
0
0
0
0
0
0
0
0
0
0
0
0
0
0
0
0
0
0
0
0
0
0
0
0
0
0
0
0
0
0
0
0
0
0
0
0
0
0
0
0
0
0
0
0
0
0
0
0
0
0
0
0
0
0
0
0
0
0
0
0
0
0
0
0
0
0
0
0
0
0
0
0
0
0
0
0
0
0
0
0
0
0
0
0
0
0
0
0
0
0
0
0
0
0
0
0
0
0
0
0
0
0
0
0
0
0
0
0
0
0
0
0
0
0
0
0
0
0
0
0
0
0
0
0
0
0
0
0
0
0
0
0
0
0
0
0
0
0
0
0
0
0
0
0
0
0
0
0
0
0
0
0
0
0
0
0
0
0
0
0
0
0
0
0
0
0
0
0
0
0
0
0
0
0
0
0
0
0
0
0
0
0
0
0
0
0
0
0
0
0
0
0
0
0
0
0
0
0
0
0
0
0
0
0
0
0
0
0
0
0
0
0
0
0
0
0
0
0
0
0
0
0
0
0
0
0
0
0
0
0
0
0
0
0
0
0
0
0
0
0
0
0
0
0
0
0
0
0
0
0
0
0
0
0
0
0
0
0
0
0
0
0
0
0
0
0
0
0
0
0
0
0
0
0
0
0
0
0
0
0
0
0
0
0
0
0
0
0
0
0
0
0
0
0
0
0
0
0
0
0
0
0
0
0
0
0
0
0
0
0
0
0
0
0
0
0
0
0
0
0
0
0
0
0
0
0
0
0
0
0
0
0
0
0
0
0
0
0
0
0
0
0
0
0
0
0
0
0
0
0
0
0
0
0
0
0
0
0
0
0
0
0
0
0
0
0
0
0
0
0
0
0
0
0
0
0
0
0
0
0
0
0
0
0
0
0
0
0
0
0
0
0
0
0
0
0
0
0
0
0
0
0
0
0
0
0
0
0
0
0
0
0
0
0
0
0
0
0
0
0
0
0
0
0
0
0
0
0
0
0
0
0
0
0
0
0
0
0
0
0
0
0
0
0
0
0
0
0
0
0
0
0
0
0
0
0
0
0
0
0
0
0
0
0
0
0
0
0
0
0
0
0
0
0
0
0
0
0
0
0
0
0
0
0
0
0
0
0
0
0
0
0
0
0
0
0
0
0
0
0
0
0
0
0
0
0
0
0
0
0
0
0
0
0
0
0
0
0
0
0
0
0
0
0
0
0
0
0
0
0
0
0
0
0
0
0
0
0
0
0
0
0
0
0
0
0
0
0
0
0
0
0
0
0
0
0
0
0
0
0
0
0
0
0
0
0
0
0
0
0
0
0
0
0
0
0
0
0
0
0
0
0
0
0
0
0
0
0
0
0
0
0
0
0
0
0
0
0
0
0
0
0
0
0
0
0
0
0
0
0
0
0
0
0
0
0
0
0
0
0
0
0
0
0
0
0
0
0
0
0