0.0000
0.0000
0.0000
0.0000
0.0000
0.0000
0.0000
0.0000
0.0000
0.0000
0.0000
0.0000
0.0000
0.0000
0.0000
0.0000
0.0000
0.0000
0.0000
0.0000
0.0000
0.0000
0.0000
0.0000
0.0000
0.0000
0.0000
0.0000
0.0000
0.0000
0.0000
0.0000
0.0000
0.0000
0.0000
0.0000
0.0000
0.0000
0.0000
0.0000
0.0000
0.0000
0.0000
0.0000
0.0000
0.0000
0.0000
0.0000
0.0000
0.0000
0.0000
0.0000
0.0000
0.0000
0.0000
0.0000
0.0000
0.0000
0.0000
0.0000
0.0000
0.0000
0.0000
0.0000
0.0000
0.0000
0.0000
0.0000
0.0000
0.0000
0.0000
0.0000
0.0000
0.0000
0.0000
0.0000
0.0000
0.0000
0.0000
0.0000
0.0000
0.0000
0.0000
0.0000
0.0000
0.0000
0.0000
0.0000
0.0000
0.0000
0.0000
0.0000
0.0000
0.0000
0.0000
0.0000
0.0000
0.0000
0.0000
0.0000
0.0000
0.0000
0.0000
0.0000
0.0000
0.0000
0.0000
0.0000
0.0000
0.0000
0.0000
0.0000
0.0000
0.0000
0.0000
0.0000
0.0000
0.0000
0.0000
0.0000
0.0000
0.0000
0.0000
0.0000
0.0000
0.0000
0.0000
0.0000
0.0000
0.0000
0.0000
0.0000
0.0000
0.0000
0.0000
0.0000
0.0000
-5.1962
-7.2111
-8.6603
-9.7980
-10.7240
-11.4890
-12.1240
-12.6490
-13.0770
-13.4160
-13.6750
-13.8560
-13.9640
-14.0000
-13.9640
-13.8560
-13.6750
-13.4160
-13.0770
-12.6490
-12.1240
-11.4890
-10.7240
-9.7980
-8.6603
-7.2111
-5.1962
0.0000
0.0000
0.0000
0.0000
0.0000
0.0000
0.0000
0.0000
0.0000
0.0000
0.0000
0.0000
0.0000
0.0000
0.0000
0.0000
0.0000
0.0000
0.0000
0.0000
0.0000
0.0000
0.0000
0.0000
0.0000
0.0000
0.0000
0.0000
0.0000
0.0000
0.0000
0.0000
0.0000
0.0000
0.0000
0.0000
0.0000
0.0000
0.0000
0.0000
0.0000
0.0000
0.0000
0.0000
0.0000
0.0000
0.0000
0.0000
0.0000
0.0000
0.0000
0.0000
0.0000
0.0000
0.0000
0.0000
0.0000
0.0000
0.0000
0.0000
0.0000
0.0000
0.0000
0.0000
0.0000
0.0000
0.0000
0.0000
0.0000
-1.4142
-5.9161
-8.1240
-9.7468
-11.0450
-12.1240
-13.0380
-13.8200
-14.4910
-15.0670
-15.5560
-15.9690
-16.3100
-16.5830
-16.7930
-16.9410
-17.0290
-17.0590
-17.0290
-16.9410
-16.7930
-16.5830
-16.3100
-15.9690
-15.5560
-15.0670
-14.4910
-13.8200
-13.0380
-12.1240
-11.0450
-9.7468
-8.1240
-5.9161
-1.4142
0.0000
0.0000
0.0000
0.0000
0.0000
0.0000
0.0000
0.0000
0.0000
0.0000
0.0000
0.0000
0.0000
0.0000
0.0000
0.0000
0.0000
0.0000
0.0000
0.0000
0.0000
0.0000
0.0000
0.0000
0.0000
0.0000
0.0000
0.0000
0.0000
0.0000
0.0000
0.0000
0.0000
0.0000
0.0000
0.0000
0.0000
0.0000
0.0000
0.0000
0.0000
0.0000
0.0000
0.0000
0.0000
0.0000
0.0000
0.0000
0.0000
0.0000
0.0000
0.0000
0.0000
0.0000
0.0000
0.0000
0.0000
0.0000
0.0000
0.0000
0.0000
0.0000
0.0000
-4.7958
-7.7460
-9.7468
-11.3140
-12.6100
-13.7110
-14.6630
-15.4920
-16.2170
-16.8520
-17.4070
-17.8890
-18.3030
-18.6550
-18.9470
-19.1830
-19.3650
-19.4940
-19.5700
-19.5960
-19.5700
-19.4940
-19.3650
-19.1830
-18.9470
-18.6550
-18.3030
-17.8890
-17.4070
-16.8520
-16.2170
-15.4920
-14.6630
-13.7110
-12.6100
-11.3140
-9.7468
-7.7460
-4.7958
0.0000
0.0000
0.0000
0.0000
0.0000
0.0000
0.0000
0.0000
0.0000
0.0000
0.0000
0.0000
0.0000
0.0000
0.0000
0.0000
0.0000
0.0000
0.0000
0.0000
0.0000
0.0000
0.0000
0.0000
0.0000
0.0000
0.0000
0.0000
0.0000
0.0000
0.0000
0.0000
0.0000
0.0000
0.0000
0.0000
0.0000
0.0000
0.0000
0.0000
0.0000
0.0000
0.0000
0.0000
0.0000
0.0000
0.0000
0.0000
0.0000
0.0000
0.0000
0.0000
0.0000
0.0000
0.0000
0.0000
0.0000
0.0000
0.0000
-5.8310
-8.6603
-10.6770
-12.2880
-13.6380
-14.7990
-15.8110
-16.7030
-17.4930
-18.1930
-18.8150
-19.3650
-19.8490
-20.2730
-20.6400
-20.9520
-21.2130
-21.4240
-21.5870
-21.7030
-21.7720
-21.7940
-21.7720
-21.7030
-21.5870
-21.4240
-21.2130
-20.9520
-20.6400
-20.2730
-19.8490
-19.3650
-18.8150
-18.1930
-17.4930
-16.7030
-15.8110
-14.7990
-13.6380
-12.2880
-10.6770
-8.6603
-5.8310
0.0000
0.0000
0.0000
0.0000
0.0000
0.0000
0.0000
0.0000
0.0000
0.0000
0.0000
0.0000
0.0000
0.0000
0.0000
0.0000
0.0000
0.0000
0.0000
0.0000
0.0000
0.0000
0.0000
0.0000
0.0000
0.0000
0.0000
0.0000
0.0000
0.0000
0.0000
0.0000
0.0000
0.0000
0.0000
0.0000
0.0000
0.0000
0.0000
0.0000
0.0000
0.0000
0.0000
0.0000
0.0000
0.0000
0.0000
0.0000
0.0000
0.0000
0.0000
0.0000
0.0000
0.0000
0.0000
-5.9161
-8.9443
-11.0910
-12.8060
-14.2480
-15.4920
-16.5830
-17.5500
-18.4120
-19.1830
-19.8750
-20.4940
-21.0480
-21.5410
-21.9770
-22.3610
-22.6940
-22.9780
-23.2160
-23.4090
-23.5580
-23.6640
-23.7280
-23.7490
-23.7280
-23.6640
-23.5580
-23.4090
-23.2160
-22.9780
-22.6940
-22.3610
-21.9770
-21.5410
-21.0480
-20.4940
-19.8750
-19.1830
-18.4120
-17.5500
-16.5830
-15.4920
-14.2480
-12.8060
-11.0910
-8.9443
-5.9161
0.0000
0.0000
0.0000
0.0000
0.0000
0.0000
0.0000
0.0000
0.0000
0.0000
0.0000
0.0000
0.0000
0.0000
0.0000
0.0000
0.0000
0.0000
0.0000
0.0000
0.0000
0.0000
0.0000
0.0000
0.0000
0.0000
0.0000
0.0000
0.0000
0.0000
0.0000
0.0000
0.0000
0.0000
0.0000
0.0000
0.0000
0.0000
0.0000
0.0000
0.0000
0.0000
0.0000
0.0000
0.0000
0.0000
0.0000
0.0000
0.0000
0.0000
0.0000
-5.0990
-8.6603
-11.0450
-12.9230
-14.4910
-15.8430
-17.0290
-18.0830
-19.0260
-19.8750
-20.6400
-21.3310
-21.9540
-22.5170
-23.0220
-23.4730
-23.8750
-24.2280
-24.5360
-24.7990
-25.0200
-25.1990
-25.3380
-25.4360
-25.4950
-25.5150
-25.4950
-25.4360
-25.3380
-25.1990
-25.0200
-24.7990
-24.5360
-24.2280
-23.8750
-23.4730
-23.0220
-22.5170
-21.9540
-21.3310
-20.6400
-19.8750
-19.0260
-18.0830
-17.0290
-15.8430
-14.4910
-12.9230
-11.0450
-8.6603
-5.0990
0.0000
0.0000
0.0000
0.0000
0.0000
0.0000
0.0000
0.0000
0.0000
0.0000
0.0000
0.0000
0.0000
0.0000
0.0000
0.0000
0.0000
0.0000
0.0000
0.0000
0.0000
0.0000
0.0000
0.0000
0.0000
0.0000
0.0000
0.0000
0.0000
0.0000
0.0000
0.0000
0.0000
0.0000
0.0000
0.0000
0.0000
0.0000
0.0000
0.0000
0.0000
0.0000
0.0000
0.0000
0.0000
0.0000
0.0000
-2.6458
-7.7460
-10.5360
-12.6490
-14.3870
-15.8750
-17.1760
-18.3300
-19.3650
-20.2980
-21.1420
-21.9090
-22.6050
-23.2380
-23.8120
-24.3310
-24.7990
-25.2190
-25.5930
-25.9230
-26.2110
-26.4580
-26.6650
-26.8330
-26.9630
-27.0550
-27.1110
-27.1290
-27.1110
-27.0550
-26.9630
-26.8330
-26.6650
-26.4580
-26.2110
-25.9230
-25.5930
-25.2190
-24.7990
-24.3310
-23.8120
-23.2380
-22.6050
-21.9090
-21.1420
-20.2980
-19.3650
-18.3300
-17.1760
-15.8750
-14.3870
-12.6490
-10.5360
-7.7460
-2.6458
0.0000
0.0000
0.0000
0.0000
0.0000
0.0000
0.0000
0.0000
0.0000
0.0000
0.0000
0.0000
0.0000
0.0000
0.0000
0.0000
0.0000
0.0000
0.0000
0.0000
0.0000
0.0000
0.0000
0.0000
0.0000
0.0000
0.0000
0.0000
0.0000
0.0000
0.0000
0.0000
0.0000
0.0000
0.0000
0.0000
0.0000
0.0000
0.0000
0.0000
0.0000
0.0000
0.0000
0.0000
-5.9161
-9.4868
-11.9580
-13.9280
-15.5880
-17.0290
-18.3030
-19.4420
-20.4690
-21.4010
-22.2490
-23.0220
-23.7280
-24.3720
-24.9600
-25.4950
-25.9810
-26.4200
-26.8140
-27.1660
-27.4770
-27.7490
-27.9820
-28.1780
-28.3370
-28.4600
-28.5480
-28.6010
-28.6180
-28.6010
-28.5480
-28.4600
-28.3370
-28.1780
-27.9820
-27.7490
-27.4770
-27.1660
-26.8140
-26.4200
-25.9810
-25.4950
-24.9600
-24.3720
-23.7280
-23.0220
-22.2490
-21.4010
-20.4690
-19.4420
-18.3030
-17.0290
-15.5880
-13.9280
-11.9580
-9.4868
-5.9161
0.0000
0.0000
0.0000
0.0000
0.0000
0.0000
0.0000
0.0000
0.0000
0.0000
0.0000
0.0000
0.0000
0.0000
0.0000
0.0000
0.0000
0.0000
0.0000
0.0000
0.0000
0.0000
0.0000
0.0000
0.0000
0.0000
0.0000
0.0000
0.0000
0.0000
0.0000
0.0000
0.0000
0.0000
0.0000
0.0000
0.0000
0.0000
0.0000
0.0000
0.0000
0.0000
-7.6811
-10.7700
-13.0770
-14.9670
-16.5830
-18.0000
-19.2610
-20.3960
-21.4240
-22.3610
-23.2160
-24.0000
-24.7180
-25.3770
-25.9810
-26.5330
-27.0370
-27.4950
-27.9110
-28.2840
-28.6180
-28.9140
-29.1720
-29.3940
-29.5800
-29.7320
-29.8500
-29.9330
-29.9830
-30.0000
-29.9830
-29.9330
-29.8500
-29.7320
-29.5800
-29.3940
-29.1720
-28.9140
-28.6180
-28.2840
-27.9110
-27.4950
-27.0370
-26.5330
-25.9810
-25.3770
-24.7180
-24.0000
-23.2160
-22.3610
-21.4240
-20.3960
-19.2610
-18.0000
-16.5830
-14.9670
-13.0770
-10.7700
-7.6811
0.0000
0.0000
0.0000
0.0000
0.0000
0.0000
0.0000
0.0000
0.0000
0.0000
0.0000
0.0000
0.0000
0.0000
0.0000
0.0000
0.0000
0.0000
0.0000
0.0000
0.0000
0.0000
0.0000
0.0000
0.0000
0.0000
0.0000
0.0000
0.0000
0.0000
0.0000
0.0000
0.0000
0.0000
0.0000
0.0000
0.0000
0.0000
0.0000
-4.2426
-8.8882
-11.7470
-13.9640
-15.8110
-17.4070
-18.8150
-20.0750
-21.2130
-22.2490
-23.1950
-24.0620
-24.8600
-25.5930
-26.2680
-26.8890
-27.4590
-27.9820
-28.4600
-28.8960
-29.2920
-29.6480
-29.9670
-30.2490
-30.4960
-30.7080
-30.8870
-31.0320
-31.1450
-31.2250
-31.2730
-31.2890
-31.2730
-31.2250
-31.1450
-31.0320
-30.8870
-30.7080
-30.4960
-30.2490
-29.9670
-29.6480
-29.2920
-28.8960
-28.4600
-27.9820
-27.4590
-26.8890
-26.2680
-25.5930
-24.8600
-24.0620
-23.1950
-22.2490
-21.2130
-20.0750
-18.8150
-17.4070
-15.8110
-13.9640
-11.7470
-8.8882
-4.2426
0.0000
0.0000
0.0000
0.0000
0.0000
0.0000
0.0000
0.0000
0.0000
0.0000
0.0000
0.0000
0.0000
0.0000
0.0000
0.0000
0.0000
0.0000
0.0000
0.0000
0.0000
0.0000
0.0000
0.0000
0.0000
0.0000
0.0000
0.0000
0.0000
0.0000
0.0000
0.0000
0.0000
0.0000
0.0000
0.0000
-5.6569
-9.7468
-12.4900
-14.6630
-16.4920
-18.0830
-19.4940
-20.7610
-21.9090
-22.9560
-23.9170
-24.7990
-25.6120
-26.3630
-27.0550
-27.6950
-28.2840
-28.8270
-29.3260
-29.7830
-30.1990
-30.5780
-30.9190
-31.2250
-31.4960
-31.7330
-31.9370
-32.1090
-32.2490
-32.3570
-32.4350
-32.4810
-32.4960
-32.4810
-32.4350
-32.3570
-32.2490
-32.1090
-31.9370
-31.7330
-31.4960
-31.2250
-30.9190
-30.5780
-30.1990
-29.7830
-29.3260
-28.8270
-28.2840
-27.6950
-27.0550
-26.3630
-25.6120
-24.7990
-23.9170
-22.9560
-21.9090
-20.7610
-19.4940
-18.0830
-16.4920
-14.6630
-12.4900
-9.7468
-5.6569
0.0000
0.0000
0.0000
0.0000
0.0000
0.0000
0.0000
0.0000
0.0000
0.0000
0.0000
0.0000
0.0000
0.0000
0.0000
0.0000
0.0000
0.0000
0.0000
0.0000
0.0000
0.0000
0.0000
0.0000
0.0000
0.0000
0.0000
0.0000
0.0000
0.0000
0.0000
0.0000
0.0000
0.0000
-6.4807
-10.3440
-13.0380
-15.1990
-17.0290
-18.6280
-20.0500
-21.3310
-22.4940
-23.5580
-24.5360
-25.4360
-26.2680
-27.0370
-27.7490
-28.4080
-29.0170
-29.5800
-30.1000
-30.5780
-31.0160
-31.4170
-31.7800
-32.1090
-32.4040
-32.6650
-32.8940
-33.0910
-33.2570
-33.3920
-33.4960
-33.5710
-33.6150
-33.6300
-33.6150
-33.5710
-33.4960
-33.3920
-33.2570
-33.0910
-32.8940
-32.6650
-32.4040
-32.1090
-31.7800
-31.4170
-31.0160
-30.5780
-30.1000
-29.5800
-29.0170
-28.4080
-27.7490
-27.0370
-26.2680
-25.4360
-24.5360
-23.5580
-22.4940
-21.3310
-20.0500
-18.6280
-17.0290
-15.1990
-13.0380
-10.3440
-6.4807
0.0000
0.0000
0.0000
0.0000
0.0000
0.0000
0.0000
0.0000
0.0000
0.0000
0.0000
0.0000
0.0000
0.0000
0.0000
0.0000
0.0000
0.0000
0.0000
0.0000
0.0000
0.0000
0.0000
0.0000
0.0000
0.0000
0.0000
0.0000
0.0000
0.0000
0.0000
0.0000
-6.9282
-10.7240
-13.4160
-15.5880
-17.4360
-19.0530
-20.4940
-21.7940
-22.9780
-24.0620
-25.0600
-25.9810
-26.8330
-27.6220
-28.3550
-29.0340
-29.6650
-30.2490
-30.7900
-31.2890
-31.7490
-32.1710
-32.5580
-32.9090
-33.2260
-33.5110
-33.7640
-33.9850
-34.1760
-34.3370
-34.4670
-34.5690
-34.6410
-34.6840
-34.6990
-34.6840
-34.6410
-34.5690
-34.4670
-34.3370
-34.1760
-33.9850
-33.7640
-33.5110
-33.2260
-32.9090
-32.5580
-32.1710
-31.7490
-31.2890
-30.7900
-30.2490
-29.6650
-29.0340
-28.3550
-27.6220
-26.8330
-25.9810
-25.0600
-24.0620
-22.9780
-21.7940
-20.4940
-19.0530
-17.4360
-15.5880
-13.4160
-10.7240
-6.9282
0.0000
0.0000
0.0000
0.0000
0.0000
0.0000
0.0000
0.0000
0.0000
0.0000
0.0000
0.0000
0.0000
0.0000
0.0000
0.0000
0.0000
0.0000
0.0000
0.0000
0.0000
0.0000
0.0000
0.0000
0.0000
0.0000
0.0000
0.0000
0.0000
0.0000
-7.0711
-10.9090
-13.6380
-15.8430
-17.7200
-19.3650
-20.8330
-22.1590
-23.3670
-24.4740
-25.4950
-26.4390
-27.3130
-28.1250
-28.8790
-29.5800
-30.2320
-30.8380
-31.4010
-31.9220
-32.4040
-32.8480
-33.2570
-33.6300
-33.9710
-34.2780
-34.5540
-34.7990
-35.0140
-35.1990
-35.3550
-35.4820
-35.5810
-35.6510
-35.6930
-35.7070
-35.6930
-35.6510
-35.5810
-35.4820
-35.3550
-35.1990
-35.0140
-34.7990
-34.5540
-34.2780
-33.9710
-33.6300
-33.2570
-32.8480
-32.4040
-31.9220
-31.4010
-30.8380
-30.2320
-29.5800
-28.8790
-28.1250
-27.3130
-26.4390
-25.4950
-24.4740
-23.3670
-22.1590
-20.8330
-19.3650
-17.7200
-15.8430
-13.6380
-10.9090
-7.0711
0.0000
0.0000
0.0000
0.0000
0.0000
0.0000
0.0000
0.0000
0.0000
0.0000
0.0000
0.0000
0.0000
0.0000
0.0000
0.0000
0.0000
0.0000
0.0000
0.0000
0.0000
0.0000
0.0000
0.0000
0.0000
0.0000
0.0000
0.0000
-6.9282
-10.9090
-13.7110
-15.9690
-17.8890
-19.5700
-21.0710
-22.4280
-23.6640
-24.7990
-25.8460
-26.8140
-27.7130
-28.5480
-29.3260
-30.0500
-30.7250
-31.3530
-31.9370
-32.4810
-32.9850
-33.4510
-33.8820
-34.2780
-34.6410
-34.9710
-35.2700
-35.5390
-35.7770
-35.9860
-36.1660
-36.3180
-36.4420
-36.5380
-36.6060
-36.6470
-36.6610
-36.6470
-36.6060
-36.5380
-36.4420
-36.3180
-36.1660
-35.9860
-35.7770
-35.5390
-35.2700
-34.9710
-34.6410
-34.2780
-33.8820
-33.4510
-32.9850
-32.4810
-31.9370
-31.3530
-30.7250
-30.0500
-29.3260
-28.5480
-27.7130
-26.8140
-25.8460
-24.7990
-23.6640
-22.4280
-21.0710
-19.5700
-17.8890
-15.9690
-13.7110
-10.9090
-6.9282
0.0000
0.0000
0.0000
0.0000
0.0000
0.0000
0.0000
0.0000
0.0000
0.0000
0.0000
0.0000
0.0000
0.0000
0.0000
0.0000
0.0000
0.0000
0.0000
0.0000
0.0000
0.0000
0.0000
0.0000
0.0000
0.0000
-6.4807
-10.7240
-13.6380
-15.9690
-17.9440
-19.6720
-21.2130
-22.6050
-23.8750
-25.0400
-26.1150
-27.1110
-28.0360
-28.8960
-29.6980
-30.4470
-31.1450
-31.7960
-32.4040
-32.9700
-33.4960
-33.9850
-34.4380
-34.8570
-35.2420
-35.5950
-35.9170
-36.2080
-36.4690
-36.7010
-36.9050
-37.0810
-37.2290
-37.3500
-37.4430
-37.5100
-37.5500
-37.5630
-37.5500
-37.5100
-37.4430
-37.3500
-37.2290
-37.0810
-36.9050
-36.7010
-36.4690
-36.2080
-35.9170
-35.5950
-35.2420
-34.8570
-34.4380
-33.9850
-33.4960
-32.9700
-32.4040
-31.7960
-31.1450
-30.4470
-29.6980
-28.8960
-28.0360
-27.1110
-26.1150
-25.0400
-23.8750
-22.6050
-21.2130
-19.6720
-17.9440
-15.9690
-13.6380
-10.7240
-6.4807
0.0000
0.0000
0.0000
0.0000
0.0000
0.0000
0.0000
0.0000
0.0000
0.0000
0.0000
0.0000
0.0000
0.0000
0.0000
0.0000
0.0000
0.0000
0.0000
0.0000
0.0000
0.0000
0.0000
0.0000
-5.6569
-10.3440
-13.4160
-15.8430
-17.8890
-19.6720
-21.2600
-22.6940
-24.0000
-25.1990
-26.3060
-27.3310
-28.2840
-29.1720
-30.0000
-30.7730
-31.4960
-32.1710
-32.8020
-33.3920
-33.9410
-34.4530
-34.9280
-35.3690
-35.7770
-36.1520
-36.4970
-36.8100
-37.0940
-37.3500
-37.5770
-37.7760
-37.9470
-38.0920
-38.2100
-38.3010
-38.3670
-38.4060
-38.4190
-38.4060
-38.3670
-38.3010
-38.2100
-38.0920
-37.9470
-37.7760
-37.5770
-37.3500
-37.0940
-36.8100
-36.4970
-36.1520
-35.7770
-35.3690
-34.9280
-34.4530
-33.9410
-33.3920
-32.8020
-32.1710
-31.4960
-30.7730
-30.0000
-29.1720
-28.2840
-27.3310
-26.3060
-25.1990
-24.0000
-22.6940
-21.2600
-19.6720
-17.8890
-15.8430
-13.4160
-10.3440
-5.6569
0.0000
0.0000
0.0000
0.0000
0.0000
0.0000
0.0000
0.0000
0.0000
0.0000
0.0000
0.0000
0.0000
0.0000
0.0000
0.0000
0.0000
0.0000
0.0000
0.0000
0.0000
0.0000
-4.2426
-9.7468
-13.0380
-15.5880
-17.7200
-19.5700
-21.2130
-22.6940
-24.0420
-25.2780
-26.4200
-27.4770
-28.4600
-29.3770
-30.2320
-31.0320
-31.7800
-32.4810
-33.1360
-33.7490
-34.3220
-34.8570
-35.3550
-35.8190
-36.2490
-36.6470
-37.0140
-37.3500
-37.6560
-37.9340
-38.1840
-38.4060
-38.6010
-38.7690
-38.9100
-39.0260
-39.1150
-39.1790
-39.2170
-39.2300
-39.2170
-39.1790
-39.1150
-39.0260
-38.9100
-38.7690
-38.6010
-38.4060
-38.1840
-37.9340
-37.6560
-37.3500
-37.0140
-36.6470
-36.2490
-35.8190
-35.3550
-34.8570
-34.3220
-33.7490
-33.1360
-32.4810
-31.7800
-31.0320
-30.2320
-29.3770
-28.4600
-27.4770
-26.4200
-25.2780
-24.0420
-22.6940
-21.2130
-19.5700
-17.7200
-15.5880
-13.0380
-9.7468
-4.2426
0.0000
0.0000
0.0000
0.0000
0.0000
0.0000
0.0000
0.0000
0.0000
0.0000
0.0000
0.0000
0.0000
0.0000
0.0000
0.0000
0.0000
0.0000
0.0000
0.0000
0.0000
-8.8882
-12.4900
-15.1990
-17.4360
-19.3650
-21.0710
-22.6050
-24.0000
-25.2780
-26.4580
-27.5500
-28.5660
-29.5130
-30.3970
-31.2250
-32.0000
-32.7260
-33.4070
-34.0440
-34.6410
-35.1990
-35.7210
-36.2080
-36.6610
-37.0810
-37.4700
-37.8290
-38.1580
-38.4580
-38.7300
-38.9740
-39.1920
-39.3830
-39.5470
-39.6860
-39.7990
-39.8870
-39.9500
-39.9870
-40.0000
-39.9870
-39.9500
-39.8870
-39.7990
-39.6860
-39.5470
-39.3830
-39.1920
-38.9740
-38.7300
-38.4580
-38.1580
-37.8290
-37.4700
-37.0810
-36.6610
-36.2080
-35.7210
-35.1990
-34.6410
-34.0440
-33.4070
-32.7260
-32.0000
-31.2250
-30.3970
-29.5130
-28.5660
-27.5500
-26.4580
-25.2780
-24.0000
-22.6050
-21.0710
-19.3650
-17.4360
-15.1990
-12.4900
-8.8882
0.0000
0.0000
0.0000
0.0000
0.0000
0.0000
0.0000
0.0000
0.0000
0.0000
0.0000
0.0000
0.0000
0.0000
0.0000
0.0000
0.0000
0.0000
0.0000
0.0000
-7.6811
-11.7470
-14.6630
-17.0290
-19.0530
-20.8330
-22.4280
-23.8750
-25.1990
-26.4200
-27.5500
-28.6010
-29.5800
-30.4960
-31.3530
-32.1560
-32.9090
-33.6150
-34.2780
-34.9000
-35.4820
-36.0280
-36.5380
-37.0140
-37.4570
-37.8680
-38.2490
-38.6010
-38.9230
-39.2170
-39.4840
-39.7240
-39.9370
-40.1250
-40.2860
-40.4230
-40.5340
-40.6200
-40.6820
-40.7190
-40.7310
-40.7190
-40.6820
-40.6200
-40.5340
-40.4230
-40.2860
-40.1250
-39.9370
-39.7240
-39.4840
-39.2170
-38.9230
-38.6010
-38.2490
-37.8680
-37.4570
-37.0140
-36.5380
-36.0280
-35.4820
-34.9000
-34.2780
-33.6150
-32.9090
-32.1560
-31.3530
-30.4960
-29.5800
-28.6010
-27.5500
-26.4200
-25.1990
-23.8750
-22.4280
-20.8330
-19.0530
-17.0290
-14.6630
-11.7470
-7.6811
0.0000
0.0000
0.0000
0.0000
0.0000
0.0000
0.0000
0.0000
0.0000
0.0000
0.0000
0.0000
0.0000
0.0000
0.0000
0.0000
0.0000
0.0000
-5.9161
-10.7700
-13.9640
-16.4920
-18.6280
-20.4940
-22.1590
-23.6640
-25.0400
-26.3060
-27.4770
-28.5660
-29.5800
-30.5290
-31.4170
-32.2490
-33.0300
-33.7640
-34.4530
-35.1000
-35.7070
-36.2770
-36.8100
-37.3100
-37.7760
-38.2100
-38.6130
-38.9870
-39.3320
-39.6480
-39.9370
-40.2000
-40.4350
-40.6450
-40.8290
-40.9880
-41.1220
-41.2310
-41.3160
-41.3760
-41.4130
-41.4250
-41.4130
-41.3760
-41.3160
-41.2310
-41.1220
-40.9880
-40.8290
-40.6450
-40.4350
-40.2000
-39.9370
-39.6480
-39.3320
-38.9870
-38.6130
-38.2100
-37.7760
-37.3100
-36.8100
-36.2770
-35.7070
-35.1000
-34.4530
-33.7640
-33.0300
-32.2490
-31.4170
-30.5290
-29.5800
-28.5660
-27.4770
-26.3060
-25.0400
-23.6640
-22.1590
-20.4940
-18.6280
-16.4920
-13.9640
-10.7700
-5.9161
0.0000
0.0000
0.0000
0.0000
0.0000
0.0000
0.0000
0.0000
0.0000
0.0000
0.0000
0.0000
0.0000
0.0000
0.0000
0.0000
-2.6458
-9.4868
-13.0770
-15.8110
-18.0830
-20.0500
-21.7940
-23.3670
-24.7990
-26.1150
-27.3310
-28.4600
-29.5130
-30.4960
-31.4170
-32.2800
-33.0910
-33.8530
-34.5690
-35.2420
-35.8750
-36.4690
-37.0270
-37.5500
-38.0390
-38.4970
-38.9230
-39.3190
-39.6860
-40.0250
-40.3360
-40.6200
-40.8780
-41.1100
-41.3160
-41.4970
-41.6530
-41.7850
-41.8930
-41.9760
-42.0360
-42.0710
-42.0830
-42.0710
-42.0360
-41.9760
-41.8930
-41.7850
-41.6530
-41.4970
-41.3160
-41.1100
-40.8780
-40.6200
-40.3360
-40.0250
-39.6860
-39.3190
-38.9230
-38.4970
-38.0390
-37.5500
-37.0270
-36.4690
-35.8750
-35.2420
-34.5690
-33.8530
-33.0910
-32.2800
-31.4170
-30.4960
-29.5130
-28.4600
-27.3310
-26.1150
-24.7990
-23.3670
-21.7940
-20.0500
-18.0830
-15.8110
-13.0770
-9.4868
-2.6458
0.0000
0.0000
0.0000
0.0000
0.0000
0.0000
0.0000
0.0000
0.0000
0.0000
0.0000
0.0000
0.0000
0.0000
0.0000
-7.7460
-11.9580
-14.9670
-17.4070
-19.4940
-21.3310
-22.9780
-24.4740
-25.8460
-27.1110
-28.2840
-29.3770
-30.3970
-31.3530
-32.2490
-33.0910
-33.8820
-34.6270
-35.3270
-35.9860
-36.6060
-37.1890
-37.7360
-38.2490
-38.7300
-39.1790
-39.5980
-39.9870
-40.3480
-40.6820
-40.9880
-41.2670
-41.5210
-41.7490
-41.9520
-42.1310
-42.2850
-42.4150
-42.5210
-42.6030
-42.6610
-42.6970
-42.7080
-42.6970
-42.6610
-42.6030
-42.5210
-42.4150
-42.2850
-42.1310
-41.9520
-41.7490
-41.5210
-41.2670
-40.9880
-40.6820
-40.3480
-39.9870
-39.5980
-39.1790
-38.7300
-38.2490
-37.7360
-37.1890
-36.6060
-35.9860
-35.3270
-34.6270
-33.8820
-33.0910
-32.2490
-31.3530
-30.3970
-29.3770
-28.2840
-27.1110
-25.8460
-24.4740
-22.9780
-21.3310
-19.4940
-17.4070
-14.9670
-11.9580
-7.7460
0.0000
0.0000
0.0000
0.0000
0.0000
0.0000
0.0000
0.0000
0.0000
0.0000
0.0000
0.0000
0.0000
0.0000
-5.0990
-10.5360
-13.9280
-16.5830
-18.8150
-20.7610
-22.4940
-24.0620
-25.4950
-26.8140
-28.0360
-29.1720
-30.2320
-31.2250
-32.1560
-33.0300
-33.8530
-34.6270
-35.3550
-36.0420
-36.6880
-37.2960
-37.8680
-38.4060
-38.9100
-39.3830
-39.8250
-40.2370
-40.6200
-40.9760
-41.3040
-41.6050
-41.8810
-42.1310
-42.3560
-42.5560
-42.7320
-42.8840
-43.0120
-43.1160
-43.1970
-43.2550
-43.2900
-43.3010
-43.2900
-43.2550
-43.1970
-43.1160
-43.0120
-42.8840
-42.7320
-42.5560
-42.3560
-42.1310
-41.8810
-41.6050
-41.3040
-40.9760
-40.6200
-40.2370
-39.8250
-39.3830
-38.9100
-38.4060
-37.8680
-37.2960
-36.6880
-36.0420
-35.3550
-34.6270
-33.8530
-33.0300
-32.1560
-31.2250
-30.2320
-29.1720
-28.0360
-26.8140
-25.4950
-24.0620
-22.4940
-20.7610
-18.8150
-16.5830
-13.9280
-10.5360
-5.0990
0.0000
0.0000
0.0000
0.0000
0.0000
0.0000
0.0000
0.0000
0.0000
0.0000
0.0000
0.0000
0.0000
-8.6603
-12.6490
-15.5880
-18.0000
-20.0750
-21.9090
-23.5580
-25.0600
-26.4390
-27.7130
-28.8960
-30.0000
-31.0320
-32.0000
-32.9090
-33.7640
-34.5690
-35.3270
-36.0420
-36.7150
-37.3500
-37.9470
-38.5100
-39.0380
-39.5350
-40.0000
-40.4350
-40.8410
-41.2190
-41.5690
-41.8930
-42.1900
-42.4620
-42.7080
-42.9300
-43.1280
-43.3010
-43.4510
-43.5780
-43.6810
-43.7610
-43.8180
-43.8520
-43.8630
-43.8520
-43.8180
-43.7610
-43.6810
-43.5780
-43.4510
-43.3010
-43.1280
-42.9300
-42.7080
-42.4620
-42.1900
-41.8930
-41.5690
-41.2190
-40.8410
-40.4350
-40.0000
-39.5350
-39.0380
-38.5100
-37.9470
-37.3500
-36.7150
-36.0420
-35.3270
-34.5690
-33.7640
-32.9090
-32.0000
-31.0320
-30.0000
-28.8960
-27.7130
-26.4390
-25.0600
-23.5580
-21.9090
-20.0750
-18.0000
-15.5880
-12.6490
-8.6603
0.0000
0.0000
0.0000
0.0000
0.0000
0.0000
0.0000
0.0000
0.0000
0.0000
0.0000
0.0000
-5.9161
-11.0450
-14.3870
-17.0290
-19.2610
-21.2130
-22.9560
-24.5360
-25.9810
-27.3130
-28.5480
-29.6980
-30.7730
-31.7800
-32.7260
-33.6150
-34.4530
-35.2420
-35.9860
-36.6880
-37.3500
-37.9740
-38.5620
-39.1150
-39.6360
-40.1250
-40.5830
-41.0120
-41.4130
-41.7850
-42.1310
-42.4500
-42.7430
-43.0120
-43.2550
-43.4740
-43.6690
-43.8410
-43.9890
-44.1130
-44.2150
-44.2940
-44.3510
-44.3850
-44.3960
-44.3850
-44.3510
-44.2940
-44.2150
-44.1130
-43.9890
-43.8410
-43.6690
-43.4740
-43.2550
-43.0120
-42.7430
-42.4500
-42.1310
-41.7850
-41.4130
-41.0120
-40.5830
-40.1250
-39.6360
-39.1150
-38.5620
-37.9740
-37.3500
-36.6880
-35.9860
-35.2420
-34.4530
-33.6150
-32.7260
-31.7800
-30.7730
-29.6980
-28.5480
-27.3130
-25.9810
-24.5360
-22.9560
-21.2130
-19.2610
-17.0290
-14.3870
-11.0450
-5.9161
0.0000
0.0000
0.0000
0.0000
0.0000
0.0000
0.0000
0.0000
0.0000
0.0000
0.0000
-8.9443
-12.9230
-15.8750
-18.3030
-20.3960
-22.2490
-23.9170
-25.4360
-26.8330
-28.1250
-29.3260
-30.4470
-31.4960
-32.4810
-33.4070
-34.2780
-35.1000
-35.8750
-36.6060
-37.2960
-37.9470
-38.5620
-39.1410
-39.6860
-40.2000
-40.6820
-41.1340
-41.5570
-41.9520
-42.3200
-42.6610
-42.9770
-43.2670
-43.5320
-43.7720
-43.9890
-44.1810
-44.3510
-44.4970
-44.6210
-44.7210
-44.8000
-44.8550
-44.8890
-44.9000
-44.8890
-44.8550
-44.8000
-44.7210
-44.6210
-44.4970
-44.3510
-44.1810
-43.9890
-43.7720
-43.5320
-43.2670
-42.9770
-42.6610
-42.3200
-41.9520
-41.5570
-41.1340
-40.6820
-40.2000
-39.6860
-39.1410
-38.5620
-37.9470
-37.2960
-36.6060
-35.8750
-35.1000
-34.2780
-33.4070
-32.4810
-31.4960
-30.4470
-29.3260
-28.1250
-26.8330
-25.4360
-23.9170
-22.2490
-20.3960
-18.3030
-15.8750
-12.9230
-8.9443
0.0000
0.0000
0.0000
0.0000
0.0000
0.0000
0.0000
0.0000
0.0000
0.0000
-5.8310
-11.0910
-14.4910
-17.1760
-19.4420
-21.4240
-23.1950
-24.7990
-26.2680
-27.6220
-28.8790
-30.0500
-31.1450
-32.1710
-33.1360
-34.0440
-34.9000
-35.7070
-36.4690
-37.1890
-37.8680
-38.5100
-39.1150
-39.6860
-40.2240
-40.7310
-41.2070
-41.6530
-42.0710
-42.4620
-42.8250
-43.1620
-43.4740
-43.7610
-44.0230
-44.2610
-44.4750
-44.6650
-44.8330
-44.9780
-45.1000
-45.2000
-45.2770
-45.3320
-45.3650
-45.3760
-45.3650
-45.3320
-45.2770
-45.2000
-45.1000
-44.9780
-44.8330
-44.6650
-44.4750
-44.2610
-44.0230
-43.7610
-43.4740
-43.1620
-42.8250
-42.4620
-42.0710
-41.6530
-41.2070
-40.7310
-40.2240
-39.6860
-39.1150
-38.5100
-37.8680
-37.1890
-36.4690
-35.7070
-34.9000
-34.0440
-33.1360
-32.1710
-31.1450
-30.0500
-28.8790
-27.6220
-26.2680
-24.7990
-23.1950
-21.4240
-19.4420
-17.1760
-14.4910
-11.0910
-5.8310
0.0000
0.0000
0.0000
0.0000
0.0000
0.0000
0.0000
0.0000
0.0000
-8.6603
-12.8060
-15.8430
-18.3300
-20.4690
-22.3610
-24.0620
-25.6120
-27.0370
-28.3550
-29.5800
-30.7250
-31.7960
-32.8020
-33.7490
-34.6410
-35.4820
-36.2770
-37.0270
-37.7360
-38.4060
-39.0380
-39.6360
-40.2000
-40.7310
-41.2310
-41.7010
-42.1430
-42.5560
-42.9420
-43.3010
-43.6350
-43.9430
-44.2270
-44.4860
-44.7210
-44.9330
-45.1220
-45.2880
-45.4310
-45.5520
-45.6510
-45.7270
-45.7820
-45.8150
-45.8260
-45.8150
-45.7820
-45.7270
-45.6510
-45.5520
-45.4310
-45.2880
-45.1220
-44.9330
-44.7210
-44.4860
-44.2270
-43.9430
-43.6350
-43.3010
-42.9420
-42.5560
-42.1430
-41.7010
-41.2310
-40.7310
-40.2000
-39.6360
-39.0380
-38.4060
-37.7360
-37.0270
-36.2770
-35.4820
-34.6410
-33.7490
-32.8020
-31.7960
-30.7250
-29.5800
-28.3550
-27.0370
-25.6120
-24.0620
-22.3610
-20.4690
-18.3300
-15.8430
-12.8060
-8.6603
0.0000
0.0000
0.0000
0.0000
0.0000
0.0000
0.0000
0.0000
-4.7958
-10.6770
-14.2480
-17.0290
-19.3650
-21.4010
-23.2160
-24.8600
-26.3630
-27.7490
-29.0340
-30.2320
-31.3530
-32.4040
-33.3920
-34.3220
-35.1990
-36.0280
-36.8100
-37.5500
-38.2490
-38.9100
-39.5350
-40.1250
-40.6820
-41.2070
-41.7010
-42.1660
-42.6030
-43.0120
-43.3940
-43.7490
-44.0790
-44.3850
-44.6650
-44.9220
-45.1550
-45.3650
-45.5520
-45.7170
-45.8580
-45.9780
-46.0760
-46.1520
-46.2060
-46.2390
-46.2490
-46.2390
-46.2060
-46.1520
-46.0760
-45.9780
-45.8580
-45.7170
-45.5520
-45.3650
-45.1550
-44.9220
-44.6650
-44.3850
-44.0790
-43.7490
-43.3940
-43.0120
-42.6030
-42.1660
-41.7010
-41.2070
-40.6820
-40.1250
-39.5350
-38.9100
-38.2490
-37.5500
-36.8100
-36.0280
-35.1990
-34.3220
-33.3920
-32.4040
-31.3530
-30.2320
-29.0340
-27.7490
-26.3630
-24.8600
-23.2160
-21.4010
-19.3650
-17.0290
-14.2480
-10.6770
-4.7958
0.0000
0.0000
0.0000
0.0000
0.0000
0.0000
0.0000
-7.7460
-12.2880
-15.4920
-18.0830
-20.2980
-22.2490
-24.0000
-25.5930
-27.0550
-28.4080
-29.6650
-30.8380
-31.9370
-32.9700
-33.9410
-34.8570
-35.7210
-36.5380
-37.3100
-38.0390
-38.7300
-39.3830
-40.0000
-40.5830
-41.1340
-41.6530
-42.1430
-42.6030
-43.0350
-43.4400
-43.8180
-44.1700
-44.4970
-44.8000
-45.0780
-45.3320
-45.5630
-45.7710
-45.9570
-46.1190
-46.2600
-46.3790
-46.4760
-46.5510
-46.6050
-46.6370
-46.6480
-46.6370
-46.6050
-46.5510
-46.4760
-46.3790
-46.2600
-46.1190
-45.9570
-45.7710
-45.5630
-45.3320
-45.0780
-44.8000
-44.4970
-44.1700
-43.8180
-43.4400
-43.0350
-42.6030
-42.1430
-41.6530
-41.1340
-40.5830
-40.0000
-39.3830
-38.7300
-38.0390
-37.3100
-36.5380
-35.7210
-34.8570
-33.9410
-32.9700
-31.9370
-30.8380
-29.6650
-28.4080
-27.0550
-25.5930
-24.0000
-22.2490
-20.2980
-18.0830
-15.4920
-12.2880
-7.7460
0.0000
0.0000
0.0000
0.0000
0.0000
0.0000
-1.4142
-9.7468
-13.6380
-16.5830
-19.0260
-21.1420
-23.0220
-24.7180
-26.2680
-27.6950
-29.0170
-30.2490
-31.4010
-32.4810
-33.4960
-34.4530
-35.3550
-36.2080
-37.0140
-37.7760
-38.4970
-39.1790
-39.8250
-40.4350
-41.0120
-41.5570
-42.0710
-42.5560
-43.0120
-43.4400
-43.8410
-44.2150
-44.5650
-44.8890
-45.1880
-45.4640
-45.7170
-45.9460
-46.1520
-46.3360
-46.4970
-46.6370
-46.7550
-46.8510
-46.9250
-46.9790
-47.0110
-47.0210
-47.0110
-46.9790
-46.9250
-46.8510
-46.7550
-46.6370
-46.4970
-46.3360
-46.1520
-45.9460
-45.7170
-45.4640
-45.1880
-44.8890
-44.5650
-44.2150
-43.8410
-43.4400
-43.0120
-42.5560
-42.0710
-41.5570
-41.0120
-40.4350
-39.8250
-39.1790
-38.4970
-37.7760
-37.0140
-36.2080
-35.3550
-34.4530
-33.4960
-32.4810
-31.4010
-30.2490
-29.0170
-27.6950
-26.2680
-24.7180
-23.0220
-21.1420
-19.0260
-16.5830
-13.6380
-9.7468
-1.4142
0.0000
0.0000
0.0000
0.0000
0.0000
-5.9161
-11.3140
-14.7990
-17.5500
-19.8750
-21.9090
-23.7280
-25.3770
-26.8890
-28.2840
-29.5800
-30.7900
-31.9220
-32.9850
-33.9850
-34.9280
-35.8190
-36.6610
-37.4570
-38.2100
-38.9230
-39.5980
-40.2370
-40.8410
-41.4130
-41.9520
-42.4620
-42.9420
-43.3940
-43.8180
-44.2150
-44.5870
-44.9330
-45.2550
-45.5520
-45.8260
-46.0760
-46.3030
-46.5080
-46.6900
-46.8510
-46.9890
-47.1060
-47.2020
-47.2760
-47.3290
-47.3600
-47.3710
-47.3600
-47.3290
-47.2760
-47.2020
-47.1060
-46.9890
-46.8510
-46.6900
-46.5080
-46.3030
-46.0760
-45.8260
-45.5520
-45.2550
-44.9330
-44.5870
-44.2150
-43.8180
-43.3940
-42.9420
-42.4620
-41.9520
-41.4130
-40.8410
-40.2370
-39.5980
-38.9230
-38.2100
-37.4570
-36.6610
-35.8190
-34.9280
-33.9850
-32.9850
-31.9220
-30.7900
-29.5800
-28.2840
-26.8890
-25.3770
-23.7280
-21.9090
-19.8750
-17.5500
-14.7990
-11.3140
-5.9161
0.0000
0.0000
0.0000
0.0000
0.0000
-8.1240
-12.6100
-15.8110
-18.4120
-20.6400
-22.6050
-24.3720
-25.9810
-27.4590
-28.8270
-30.1000
-31.2890
-32.4040
-33.4510
-34.4380
-35.3690
-36.2490
-37.0810
-37.8680
-38.6130
-39.3190
-39.9870
-40.6200
-41.2190
-41.7850
-42.3200
-42.8250
-43.3010
-43.7490
-44.1700
-44.5650
-44.9330
-45.2770
-45.5960
-45.8910
-46.1630
-46.4110
-46.6370
-46.8400
-47.0210
-47.1810
-47.3180
-47.4340
-47.5290
-47.6030
-47.6550
-47.6860
-47.6970
-47.6860
-47.6550
-47.6030
-47.5290
-47.4340
-47.3180
-47.1810
-47.0210
-46.8400
-46.6370
-46.4110
-46.1630
-45.8910
-45.5960
-45.2770
-44.9330
-44.5650
-44.1700
-43.7490
-43.3010
-42.8250
-42.3200
-41.7850
-41.2190
-40.6200
-39.9870
-39.3190
-38.6130
-37.8680
-37.0810
-36.2490
-35.3690
-34.4380
-33.4510
-32.4040
-31.2890
-30.1000
-28.8270
-27.4590
-25.9810
-24.3720
-22.6050
-20.6400
-18.4120
-15.8110
-12.6100
-8.1240
0.0000
0.0000
0.0000
0.0000
0.0000
-9.7468
-13.7110
-16.7030
-19.1830
-21.3310
-23.2380
-24.9600
-26.5330
-27.9820
-29.3260
-30.5780
-31.7490
-32.8480
-33.8820
-34.8570
-35.7770
-36.6470
-37.4700
-38.2490
-38.9870
-39.6860
-40.3480
-40.9760
-41.5690
-42.1310
-42.6610
-43.1620
-43.6350
-44.0790
-44.4970
-44.8890
-45.2550
-45.5960
-45.9130
-46.2060
-46.4760
-46.7230
-46.9470
-47.1490
-47.3290
-47.4870
-47.6240
-47.7390
-47.8330
-47.9060
-47.9580
-47.9900
-48.0000
-47.9900
-47.9580
-47.9060
-47.8330
-47.7390
-47.6240
-47.4870
-47.3290
-47.1490
-46.9470
-46.7230
-46.4760
-46.2060
-45.9130
-45.5960
-45.2550
-44.8890
-44.4970
-44.0790
-43.6350
-43.1620
-42.6610
-42.1310
-41.5690
-40.9760
-40.3480
-39.6860
-38.9870
-38.2490
-37.4700
-36.6470
-35.7770
-34.8570
-33.8820
-32.8480
-31.7490
-30.5780
-29.3260
-27.9820
-26.5330
-24.9600
-23.2380
-21.3310
-19.1830
-16.7030
-13.7110
-9.7468
0.0000
0.0000
0.0000
0.0000
-5.1962
-11.0450
-14.6630
-17.4930
-19.8750
-21.9540
-23.8120
-25.4950
-27.0370
-28.4600
-29.7830
-31.0160
-32.1710
-33.2570
-34.2780
-35.2420
-36.1520
-37.0140
-37.8290
-38.6010
-39.3320
-40.0250
-40.6820
-41.3040
-41.8930
-42.4500
-42.9770
-43.4740
-43.9430
-44.3850
-44.8000
-45.1880
-45.5520
-45.8910
-46.2060
-46.4970
-46.7650
-47.0110
-47.2330
-47.4340
-47.6130
-47.7700
-47.9060
-48.0210
-48.1140
-48.1870
-48.2390
-48.2700
-48.2800
-48.2700
-48.2390
-48.1870
-48.1140
-48.0210
-47.9060
-47.7700
-47.6130
-47.4340
-47.2330
-47.0110
-46.7650
-46.4970
-46.2060
-45.8910
-45.5520
-45.1880
-44.8000
-44.3850
-43.9430
-43.4740
-42.9770
-42.4500
-41.8930
-41.3040
-40.6820
-40.0250
-39.3320
-38.6010
-37.8290
-37.0140
-36.1520
-35.2420
-34.2780
-33.2570
-32.1710
-31.0160
-29.7830
-28.4600
-27.0370
-25.4950
-23.8120
-21.9540
-19.8750
-17.4930
-14.6630
-11.0450
-5.1962
0.0000
0.0000
0.0000
-7.2111
-12.1240
-15.4920
-18.1930
-20.4940
-22.5170
-24.3310
-25.9810
-27.4950
-28.8960
-30.1990
-31.4170
-32.5580
-33.6300
-34.6410
-35.5950
-36.4970
-37.3500
-38.1580
-38.9230
-39.6480
-40.3360
-40.9880
-41.6050
-42.1900
-42.7430
-43.2670
-43.7610
-44.2270
-44.6650
-45.0780
-45.4640
-45.8260
-46.1630
-46.4760
-46.7650
-47.0320
-47.2760
-47.4970
-47.6970
-47.8750
-48.0310
-48.1660
-48.2800
-48.3740
-48.4460
-48.4970
-48.5280
-48.5390
-48.5280
-48.4970
-48.4460
-48.3740
-48.2800
-48.1660
-48.0310
-47.8750
-47.6970
-47.4970
-47.2760
-47.0320
-46.7650
-46.4760
-46.1630
-45.8260
-45.4640
-45.0780
-44.6650
-44.2270
-43.7610
-43.2670
-42.7430
-42.1900
-41.6050
-40.9880
-40.3360
-39.6480
-38.9230
-38.1580
-37.3500
-36.4970
-35.5950
-34.6410
-33.6300
-32.5580
-31.4170
-30.1990
-28.8960
-27.4950
-25.9810
-24.3310
-22.5170
-20.4940
-18.1930
-15.4920
-12.1240
-7.2111
0.0000
0.0000
0.0000
-8.6603
-13.0380
-16.2170
-18.8150
-21.0480
-23.0220
-24.7990
-26.4200
-27.9110
-29.2920
-30.5780
-31.7800
-32.9090
-33.9710
-34.9710
-35.9170
-36.8100
-37.6560
-38.4580
-39.2170
-39.9370
-40.6200
-41.2670
-41.8810
-42.4620
-43.0120
-43.5320
-44.0230
-44.4860
-44.9220
-45.3320
-45.7170
-46.0760
-46.4110
-46.7230
-47.0110
-47.2760
-47.5180
-47.7390
-47.9370
-48.1140
-48.2700
-48.4050
-48.5180
-48.6110
-48.6830
-48.7340
-48.7650
-48.7750
-48.7650
-48.7340
-48.6830
-48.6110
-48.5180
-48.4050
-48.2700
-48.1140
-47.9370
-47.7390
-47.5180
-47.2760
-47.0110
-46.7230
-46.4110
-46.0760
-45.7170
-45.3320
-44.9220
-44.4860
-44.0230
-43.5320
-43.0120
-42.4620
-41.8810
-41.2670
-40.6200
-39.9370
-39.2170
-38.4580
-37.6560
-36.8100
-35.9170
-34.9710
-33.9710
-32.9090
-31.7800
-30.5780
-29.2920
-27.9110
-26.4200
-24.7990
-23.0220
-21.0480
-18.8150
-16.2170
-13.0380
-8.6603
0.0000
0.0000
0.0000
-9.7980
-13.8200
-16.8520
-19.3650
-21.5410
-23.4730
-25.2190
-26.8140
-28.2840
-29.6480
-30.9190
-32.1090
-33.2260
-34.2780
-35.2700
-36.2080
-37.0940
-37.9340
-38.7300
-39.4840
-40.2000
-40.8780
-41.5210
-42.1310
-42.7080
-43.2550
-43.7720
-44.2610
-44.7210
-45.1550
-45.5630
-45.9460
-46.3030
-46.6370
-46.9470
-47.2330
-47.4970
-47.7390
-47.9580
-48.1560
-48.3320
-48.4870
-48.6210
-48.7340
-48.8260
-48.8980
-48.9490
-48.9800
-48.9900
-48.9800
-48.9490
-48.8980
-48.8260
-48.7340
-48.6210
-48.4870
-48.3320
-48.1560
-47.9580
-47.7390
-47.4970
-47.2330
-46.9470
-46.6370
-46.3030
-45.9460
-45.5630
-45.1550
-44.7210
-44.2610
-43.7720
-43.2550
-42.7080
-42.1310
-41.5210
-40.8780
-40.2000
-39.4840
-38.7300
-37.9340
-37.0940
-36.2080
-35.2700
-34.2780
-33.2260
-32.1090
-30.9190
-29.6480
-28.2840
-26.8140
-25.2190
-23.4730
-21.5410
-19.3650
-16.8520
-13.8200
-9.7980
0.0000
0.0000
-4.2426
-10.7240
-14.4910
-17.4070
-19.8490
-21.9770
-23.8750
-25.5930
-27.1660
-28.6180
-29.9670
-31.2250
-32.4040
-33.5110
-34.5540
-35.5390
-36.4690
-37.3500
-38.1840
-38.9740
-39.7240
-40.4350
-41.1100
-41.7490
-42.3560
-42.9300
-43.4740
-43.9890
-44.4750
-44.9330
-45.3650
-45.7710
-46.1520
-46.5080
-46.8400
-47.1490
-47.4340
-47.6970
-47.9370
-48.1560
-48.3530
-48.5280
-48.6830
-48.8160
-48.9290
-49.0200
-49.0920
-49.1430
-49.1730
-49.1830
-49.1730
-49.1430
-49.0920
-49.0200
-48.9290
-48.8160
-48.6830
-48.5280
-48.3530
-48.1560
-47.9370
-47.6970
-47.4340
-47.1490
-46.8400
-46.5080
-46.1520
-45.7710
-45.3650
-44.9330
-44.4750
-43.9890
-43.4740
-42.9300
-42.3560
-41.7490
-41.1100
-40.4350
-39.7240
-38.9740
-38.1840
-37.3500
-36.4690
-35.5390
-34.5540
-33.5110
-32.4040
-31.2250
-29.9670
-28.6180
-27.1660
-25.5930
-23.8750
-21.9770
-19.8490
-17.4070
-14.4910
-10.7240
0.0000
0.0000
-5.9161
-11.4890
-15.0670
-17.8890
-20.2730
-22.3610
-24.2280
-25.9230
-27.4770
-28.9140
-30.2490
-31.4960
-32.6650
-33.7640
-34.7990
-35.7770
-36.7010
-37.5770
-38.4060
-39.1920
-39.9370
-40.6450
-41.3160
-41.9520
-42.5560
-43.1280
-43.6690
-44.1810
-44.6650
-45.1220
-45.5520
-45.9570
-46.3360
-46.6900
-47.0210
-47.3290
-47.6130
-47.8750
-48.1140
-48.3320
-48.5280
-48.7030
-48.8570
-48.9900
-49.1020
-49.1930
-49.2650
-49.3150
-49.3460
-49.3560
-49.3460
-49.3150
-49.2650
-49.1930
-49.1020
-48.9900
-48.8570
-48.7030
-48.5280
-48.3320
-48.1140
-47.8750
-47.6130
-47.3290
-47.0210
-46.6900
-46.3360
-45.9570
-45.5520
-45.1220
-44.6650
-44.1810
-43.6690
-43.1280
-42.5560
-41.9520
-41.3160
-40.6450
-39.9370
-39.1920
-38.4060
-37.5770
-36.7010
-35.7770
-34.7990
-33.7640
-32.6650
-31.4960
-30.2490
-28.9140
-27.4770
-25.9230
-24.2280
-22.3610
-20.2730
-17.8890
-15.0670
-11.4890
0.0000
0.0000
-7.0711
-12.1240
-15.5560
-18.3030
-20.6400
-22.6940
-24.5360
-26.2110
-27.7490
-29.1720
-30.4960
-31.7330
-32.8940
-33.9850
-35.0140
-35.9860
-36.9050
-37.7760
-38.6010
-39.3830
-40.1250
-40.8290
-41.4970
-42.1310
-42.7320
-43.3010
-43.8410
-44.3510
-44.8330
-45.2880
-45.7170
-46.1190
-46.4970
-46.8510
-47.1810
-47.4870
-47.7700
-48.0310
-48.2700
-48.4870
-48.6830
-48.8570
-49.0100
-49.1430
-49.2540
-49.3460
-49.4170
-49.4670
-49.4970
-49.5080
-49.4970
-49.4670
-49.4170
-49.3460
-49.2540
-49.1430
-49.0100
-48.8570
-48.6830
-48.4870
-48.2700
-48.0310
-47.7700
-47.4870
-47.1810
-46.8510
-46.4970
-46.1190
-45.7170
-45.2880
-44.8330
-44.3510
-43.8410
-43.3010
-42.7320
-42.1310
-41.4970
-40.8290
-40.1250
-39.3830
-38.6010
-37.7760
-36.9050
-35.9860
-35.0140
-33.9850
-32.8940
-31.7330
-30.4960
-29.1720
-27.7490
-26.2110
-24.5360
-22.6940
-20.6400
-18.3030
-15.5560
-12.1240
0.0000
0.0000
-7.9373
-12.6490
-15.9690
-18.6550
-20.9520
-22.9780
-24.7990
-26.4580
-27.9820
-29.3940
-30.7080
-31.9370
-33.0910
-34.1760
-35.1990
-36.1660
-37.0810
-37.9470
-38.7690
-39.5470
-40.2860
-40.9880
-41.6530
-42.2850
-42.8840
-43.4510
-43.9890
-44.4970
-44.9780
-45.4310
-45.8580
-46.2600
-46.6370
-46.9890
-47.3180
-47.6240
-47.9060
-48.1660
-48.4050
-48.6210
-48.8160
-48.9900
-49.1430
-49.2750
-49.3860
-49.4770
-49.5480
-49.5980
-49.6290
-49.6390
-49.6290
-49.5980
-49.5480
-49.4770
-49.3860
-49.2750
-49.1430
-48.9900
-48.8160
-48.6210
-48.4050
-48.1660
-47.9060
-47.6240
-47.3180
-46.9890
-46.6370
-46.2600
-45.8580
-45.4310
-44.9780
-44.4970
-43.9890
-43.4510
-42.8840
-42.2850
-41.6530
-40.9880
-40.2860
-39.5470
-38.7690
-37.9470
-37.0810
-36.1660
-35.1990
-34.1760
-33.0910
-31.9370
-30.7080
-29.3940
-27.9820
-26.4580
-24.7990
-22.9780
-20.9520
-18.6550
-15.9690
-12.6490
0.0000
0.0000
-8.6023
-13.0770
-16.3100
-18.9470
-21.2130
-23.2160
-25.0200
-26.6650
-28.1780
-29.5800
-30.8870
-32.1090
-33.2570
-34.3370
-35.3550
-36.3180
-37.2290
-38.0920
-38.9100
-39.6860
-40.4230
-41.1220
-41.7850
-42.4150
-43.0120
-43.5780
-44.1130
-44.6210
-45.1000
-45.5520
-45.9780
-46.3790
-46.7550
-47.1060
-47.4340
-47.7390
-48.0210
-48.2800
-48.5180
-48.7340
-48.9290
-49.1020
-49.2540
-49.3860
-49.4970
-49.5880
-49.6590
-49.7090
-49.7390
-49.7490
-49.7390
-49.7090
-49.6590
-49.5880
-49.4970
-49.3860
-49.2540
-49.1020
-48.9290
-48.7340
-48.5180
-48.2800
-48.0210
-47.7390
-47.4340
-47.1060
-46.7550
-46.3790
-45.9780
-45.5520
-45.1000
-44.6210
-44.1130
-43.5780
-43.0120
-42.4150
-41.7850
-41.1220
-40.4230
-39.6860
-38.9100
-38.0920
-37.2290
-36.3180
-35.3550
-34.3370
-33.2570
-32.1090
-30.8870
-29.5800
-28.1780
-26.6650
-25.0200
-23.2160
-21.2130
-18.9470
-16.3100
-13.0770
0.0000
0.0000
-9.1104
-13.4160
-16.5830
-19.1830
-21.4240
-23.4090
-25.1990
-26.8330
-28.3370
-29.7320
-31.0320
-32.2490
-33.3920
-34.4670
-35.4820
-36.4420
-37.3500
-38.2100
-39.0260
-39.7990
-40.5340
-41.2310
-41.8930
-42.5210
-43.1160
-43.6810
-44.2150
-44.7210
-45.2000
-45.6510
-46.0760
-46.4760
-46.8510
-47.2020
-47.5290
-47.8330
-48.1140
-48.3740
-48.6110
-48.8260
-49.0200
-49.1930
-49.3460
-49.4770
-49.5880
-49.6790
-49.7490
-49.8000
-49.8300
-49.8400
-49.8300
-49.8000
-49.7490
-49.6790
-49.5880
-49.4770
-49.3460
-49.1930
-49.0200
-48.8260
-48.6110
-48.3740
-48.1140
-47.8330
-47.5290
-47.2020
-46.8510
-46.4760
-46.0760
-45.6510
-45.2000
-44.7210
-44.2150
-43.6810
-43.1160
-42.5210
-41.8930
-41.2310
-40.5340
-39.7990
-39.0260
-38.2100
-37.3500
-36.4420
-35.4820
-34.4670
-33.3920
-32.2490
-31.0320
-29.7320
-28.3370
-26.8330
-25.1990
-23.4090
-21.4240
-19.1830
-16.5830
-13.4160
0.0000
0.0000
-9.4868
-13.6750
-16.7930
-19.3650
-21.5870
-23.5580
-25.3380
-26.9630
-28.4600
-29.8500
-31.1450
-32.3570
-33.4960
-34.5690
-35.5810
-36.5380
-37.4430
-38.3010
-39.1150
-39.8870
-40.6200
-41.3160
-41.9760
-42.6030
-43.1970
-43.7610
-44.2940
-44.8000
-45.2770
-45.7270
-46.1520
-46.5510
-46.9250
-47.2760
-47.6030
-47.9060
-48.1870
-48.4460
-48.6830
-48.8980
-49.0920
-49.2650
-49.4170
-49.5480
-49.6590
-49.7490
-49.8200
-49.8700
-49.9000
-49.9100
-49.9000
-49.8700
-49.8200
-49.7490
-49.6590
-49.5480
-49.4170
-49.2650
-49.0920
-48.8980
-48.6830
-48.4460
-48.1870
-47.9060
-47.6030
-47.2760
-46.9250
-46.5510
-46.1520
-45.7270
-45.2770
-44.8000
-44.2940
-43.7610
-43.1970
-42.6030
-41.9760
-41.3160
-40.6200
-39.8870
-39.1150
-38.3010
-37.4430
-36.5380
-35.5810
-34.5690
-33.4960
-32.3570
-31.1450
-29.8500
-28.4600
-26.9630
-25.3380
-23.5580
-21.5870
-19.3650
-16.7930
-13.6750
0.0000
0.0000
-9.7468
-13.8560
-16.9410
-19.4940
-21.7030
-23.6640
-25.4360
-27.0550
-28.5480
-29.9330
-31.2250
-32.4350
-33.5710
-34.6410
-35.6510
-36.6060
-37.5100
-38.3670
-39.1790
-39.9500
-40.6820
-41.3760
-42.0360
-42.6610
-43.2550
-43.8180
-44.3510
-44.8550
-45.3320
-45.7820
-46.2060
-46.6050
-46.9790
-47.3290
-47.6550
-47.9580
-48.2390
-48.4970
-48.7340
-48.9490
-49.1430
-49.3150
-49.4670
-49.5980
-49.7090
-49.8000
-49.8700
-49.9200
-49.9500
-49.9600
-49.9500
-49.9200
-49.8700
-49.8000
-49.7090
-49.5980
-49.4670
-49.3150
-49.1430
-48.9490
-48.7340
-48.4970
-48.2390
-47.9580
-47.6550
-47.3290
-46.9790
-46.6050
-46.2060
-45.7820
-45.3320
-44.8550
-44.3510
-43.8180
-43.2550
-42.6610
-42.0360
-41.3760
-40.6820
-39.9500
-39.1790
-38.3670
-37.5100
-36.6060
-35.6510
-34.6410
-33.5710
-32.4350
-31.2250
-29.9330
-28.5480
-27.0550
-25.4360
-23.6640
-21.7030
-19.4940
-16.9410
-13.8560
0.0000
0.0000
-9.8995
-13.9640
-17.0290
-19.5700
-21.7720
-23.7280
-25.4950
-27.1110
-28.6010
-29.9830
-31.2730
-32.4810
-33.6150
-34.6840
-35.6930
-36.6470
-37.5500
-38.4060
-39.2170
-39.9870
-40.7190
-41.4130
-42.0710
-42.6970
-43.2900
-43.8520
-44.3850
-44.8890
-45.3650
-45.8150
-46.2390
-46.6370
-47.0110
-47.3600
-47.6860
-47.9900
-48.2700
-48.5280
-48.7650
-48.9800
-49.1730
-49.3460
-49.4970
-49.6290
-49.7390
-49.8300
-49.9000
-49.9500
-49.9800
-49.9900
-49.9800
-49.9500
-49.9000
-49.8300
-49.7390
-49.6290
-49.4970
-49.3460
-49.1730
-48.9800
-48.7650
-48.5280
-48.2700
-47.9900
-47.6860
-47.3600
-47.0110
-46.6370
-46.2390
-45.8150
-45.3650
-44.8890
-44.3850
-43.8520
-43.2900
-42.6970
-42.0710
-41.4130
-40.7190
-39.9870
-39.2170
-38.4060
-37.5500
-36.6470
-35.6930
-34.6840
-33.6150
-32.4810
-31.2730
-29.9830
-28.6010
-27.1110
-25.4950
-23.7280
-21.7720
-19.5700
-17.0290
-13.9640
0.0000
0.0000
-9.9499
-14.0000
-17.0590
-19.5960
-21.7940
-23.7490
-25.5150
-27.1290
-28.6180
-30.0000
-31.2890
-32.4960
-33.6300
-34.6990
-35.7070
-36.6610
-37.5630
-38.4190
-39.2300
-40.0000
-40.7310
-41.4250
-42.0830
-42.7080
-43.3010
-43.8630
-44.3960
-44.9000
-45.3760
-45.8260
-46.2490
-46.6480
-47.0210
-47.3710
-47.6970
-48.0000
-48.2800
-48.5390
-48.7750
-48.9900
-49.1830
-49.3560
-49.5080
-49.6390
-49.7490
-49.8400
-49.9100
-49.9600
-49.9900
-50.0000
-49.9900
-49.9600
-49.9100
-49.8400
-49.7490
-49.6390
-49.5080
-49.3560
-49.1830
-48.9900
-48.7750
-48.5390
-48.2800
-48.0000
-47.6970
-47.3710
-47.0210
-46.6480
-46.2490
-45.8260
-45.3760
-44.9000
-44.3960
-43.8630
-43.3010
-42.7080
-42.0830
-41.4250
-40.7310
-40.0000
-39.2300
-38.4190
-37.5630
-36.6610
-35.7070
-34.6990
-33.6300
-32.4960
-31.2890
-30.0000
-28.6180
-27.1290
-25.5150
-23.7490
-21.7940
-19.5960
-17.0590
-14.0000
0.0000
0.0000
-9.8995
-13.9640
-17.0290
-19.5700
-21.7720
-23.7280
-25.4950
-27.1110
-28.6010
-29.9830
-31.2730
-32.4810
-33.6150
-34.6840
-35.6930
-36.6470
-37.5500
-38.4060
-39.2170
-39.9870
-40.7190
-41.4130
-42.0710
-42.6970
-43.2900
-43.8520
-44.3850
-44.8890
-45.3650
-45.8150
-46.2390
-46.6370
-47.0110
-47.3600
-47.6860
-47.9900
-48.2700
-48.5280
-48.7650
-48.9800
-49.1730
-49.3460
-49.4970
-49.6290
-49.7390
-49.8300
-49.9000
-49.9500
-49.9800
-49.9900
-49.9800
-49.9500
-49.9000
-49.8300
-49.7390
-49.6290
-49.4970
-49.3460
-49.1730
-48.9800
-48.7650
-48.5280
-48.2700
-47.9900
-47.6860
-47.3600
-47.0110
-46.6370
-46.2390
-45.8150
-45.3650
-44.8890
-44.3850
-43.8520
-43.2900
-42.6970
-42.0710
-41.4130
-40.7190
-39.9870
-39.2170
-38.4060
-37.5500
-36.6470
-35.6930
-34.6840
-33.6150
-32.4810
-31.2730
-29.9830
-28.6010
-27.1110
-25.4950
-23.7280
-21.7720
-19.5700
-17.0290
-13.9640
0.0000
0.0000
-9.7468
-13.8560
-16.9410
-19.4940
-21.7030
-23.6640
-25.4360
-27.0550
-28.5480
-29.9330
-31.2250
-32.4350
-33.5710
-34.6410
-35.6510
-36.6060
-37.5100
-38.3670
-39.1790
-39.9500
-40.6820
-41.3760
-42.0360
-42.6610
-43.2550
-43.8180
-44.3510
-44.8550
-45.3320
-45.7820
-46.2060
-46.6050
-46.9790
-47.3290
-47.6550
-47.9580
-48.2390
-48.4970
-48.7340
-48.9490
-49.1430
-49.3150
-49.4670
-49.5980
-49.7090
-49.8000
-49.8700
-49.9200
-49.9500
-49.9600
-49.9500
-49.9200
-49.8700
-49.8000
-49.7090
-49.5980
-49.4670
-49.3150
-49.1430
-48.9490
-48.7340
-48.4970
-48.2390
-47.9580
-47.6550
-47.3290
-46.9790
-46.6050
-46.2060
-45.7820
-45.3320
-44.8550
-44.3510
-43.8180
-43.2550
-42.6610
-42.0360
-41.3760
-40.6820
-39.9500
-39.1790
-38.3670
-37.5100
-36.6060
-35.6510
-34.6410
-33.5710
-32.4350
-31.2250
-29.9330
-28.5480
-27.0550
-25.4360
-23.6640
-21.7030
-19.4940
-16.9410
-13.8560
0.0000
0.0000
-9.4868
-13.6750
-16.7930
-19.3650
-21.5870
-23.5580
-25.3380
-26.9630
-28.4600
-29.8500
-31.1450
-32.3570
-33.4960
-34.5690
-35.5810
-36.5380
-37.4430
-38.3010
-39.1150
-39.8870
-40.6200
-41.3160
-41.9760
-42.6030
-43.1970
-43.7610
-44.2940
-44.8000
-45.2770
-45.7270
-46.1520
-46.5510
-46.9250
-47.2760
-47.6030
-47.9060
-48.1870
-48.4460
-48.6830
-48.8980
-49.0920
-49.2650
-49.4170
-49.5480
-49.6590
-49.7490
-49.8200
-49.8700
-49.9000
-49.9100
-49.9000
-49.8700
-49.8200
-49.7490
-49.6590
-49.5480
-49.4170
-49.2650
-49.0920
-48.8980
-48.6830
-48.4460
-48.1870
-47.9060
-47.6030
-47.2760
-46.9250
-46.5510
-46.1520
-45.7270
-45.2770
-44.8000
-44.2940
-43.7610
-43.1970
-42.6030
-41.9760
-41.3160
-40.6200
-39.8870
-39.1150
-38.3010
-37.4430
-36.5380
-35.5810
-34.5690
-33.4960
-32.3570
-31.1450
-29.8500
-28.4600
-26.9630
-25.3380
-23.5580
-21.5870
-19.3650
-16.7930
-13.6750
0.0000
0.0000
-9.1104
-13.4160
-16.5830
-19.1830
-21.4240
-23.4090
-25.1990
-26.8330
-28.3370
-29.7320
-31.0320
-32.2490
-33.3920
-34.4670
-35.4820
-36.4420
-37.3500
-38.2100
-39.0260
-39.7990
-40.5340
-41.2310
-41.8930
-42.5210
-43.1160
-43.6810
-44.2150
-44.7210
-45.2000
-45.6510
-46.0760
-46.4760
-46.8510
-47.2020
-47.5290
-47.8330
-48.1140
-48.3740
-48.6110
-48.8260
-49.0200
-49.1930
-49.3460
-49.4770
-49.5880
-49.6790
-49.7490
-49.8000
-49.8300
-49.8400
-49.8300
-49.8000
-49.7490
-49.6790
-49.5880
-49.4770
-49.3460
-49.1930
-49.0200
-48.8260
-48.6110
-48.3740
-48.1140
-47.8330
-47.5290
-47.2020
-46.8510
-46.4760
-46.0760
-45.6510
-45.2000
-44.7210
-44.2150
-43.6810
-43.1160
-42.5210
-41.8930
-41.2310
-40.5340
-39.7990
-39.0260
-38.2100
-37.3500
-36.4420
-35.4820
-34.4670
-33.3920
-32.2490
-31.0320
-29.7320
-28.3370
-26.8330
-25.1990
-23.4090
-21.4240
-19.1830
-16.5830
-13.4160
0.0000
0.0000
-8.6023
-13.0770
-16.3100
-18.9470
-21.2130
-23.2160
-25.0200
-26.6650
-28.1780
-29.5800
-30.8870
-32.1090
-33.2570
-34.3370
-35.3550
-36.3180
-37.2290
-38.0920
-38.9100
-39.6860
-40.4230
-41.1220
-41.7850
-42.4150
-43.0120
-43.5780
-44.1130
-44.6210
-45.1000
-45.5520
-45.9780
-46.3790
-46.7550
-47.1060
-47.4340
-47.7390
-48.0210
-48.2800
-48.5180
-48.7340
-48.9290
-49.1020
-49.2540
-49.3860
-49.4970
-49.5880
-49.6590
-49.7090
-49.7390
-49.7490
-49.7390
-49.7090
-49.6590
-49.5880
-49.4970
-49.3860
-49.2540
-49.1020
-48.9290
-48.7340
-48.5180
-48.2800
-48.0210
-47.7390
-47.4340
-47.1060
-46.7550
-46.3790
-45.9780
-45.5520
-45.1000
-44.6210
-44.1130
-43.5780
-43.0120
-42.4150
-41.7850
-41.1220
-40.4230
-39.6860
-38.9100
-38.0920
-37.2290
-36.3180
-35.3550
-34.3370
-33.2570
-32.1090
-30.8870
-29.5800
-28.1780
-26.6650
-25.0200
-23.2160
-21.2130
-18.9470
-16.3100
-13.0770
0.0000
0.0000
-7.9373
-12.6490
-15.9690
-18.6550
-20.9520
-22.9780
-24.7990
-26.4580
-27.9820
-29.3940
-30.7080
-31.9370
-33.0910
-34.1760
-35.1990
-36.1660
-37.0810
-37.9470
-38.7690
-39.5470
-40.2860
-40.9880
-41.6530
-42.2850
-42.8840
-43.4510
-43.9890
-44.4970
-44.9780
-45.4310
-45.8580
-46.2600
-46.6370
-46.9890
-47.3180
-47.6240
-47.9060
-48.1660
-48.4050
-48.6210
-48.8160
-48.9900
-49.1430
-49.2750
-49.3860
-49.4770
-49.5480
-49.5980
-49.6290
-49.6390
-49.6290
-49.5980
-49.5480
-49.4770
-49.3860
-49.2750
-49.1430
-48.9900
-48.8160
-48.6210
-48.4050
-48.1660
-47.9060
-47.6240
-47.3180
-46.9890
-46.6370
-46.2600
-45.8580
-45.4310
-44.9780
-44.4970
-43.9890
-43.4510
-42.8840
-42.2850
-41.6530
-40.9880
-40.2860
-39.5470
-38.7690
-37.9470
-37.0810
-36.1660
-35.1990
-34.1760
-33.0910
-31.9370
-30.7080
-29.3940
-27.9820
-26.4580
-24.7990
-22.9780
-20.9520
-18.6550
-15.9690
-12.6490
0.0000
0.0000
-7.0711
-12.1240
-15.5560
-18.3030
-20.6400
-22.6940
-24.5360
-26.2110
-27.7490
-29.1720
-30.4960
-31.7330
-32.8940
-33.9850
-35.0140
-35.9860
-36.9050
-37.7760
-38.6010
-39.3830
-40.1250
-40.8290
-41.4970
-42.1310
-42.7320
-43.3010
-43.8410
-44.3510
-44.8330
-45.2880
-45.7170
-46.1190
-46.4970
-46.8510
-47.1810
-47.4870
-47.7700
-48.0310
-48.2700
-48.4870
-48.6830
-48.8570
-49.0100
-49.1430
-49.2540
-49.3460
-49.4170
-49.4670
-49.4970
-49.5080
-49.4970
-49.4670
-49.4170
-49.3460
-49.2540
-49.1430
-49.0100
-48.8570
-48.6830
-48.4870
-48.2700
-48.0310
-47.7700
-47.4870
-47.1810
-46.8510
-46.4970
-46.1190
-45.7170
-45.2880
-44.8330
-44.3510
-43.8410
-43.3010
-42.7320
-42.1310
-41.4970
-40.8290
-40.1250
-39.3830
-38.6010
-37.7760
-36.9050
-35.9860
-35.0140
-33.9850
-32.8940
-31.7330
-30.4960
-29.1720
-27.7490
-26.2110
-24.5360
-22.6940
-20.6400
-18.3030
-15.5560
-12.1240
0.0000
0.0000
-5.9161
-11.4890
-15.0670
-17.8890
-20.2730
-22.3610
-24.2280
-25.9230
-27.4770
-28.9140
-30.2490
-31.4960
-32.6650
-33.7640
-34.7990
-35.7770
-36.7010
-37.5770
-38.4060
-39.1920
-39.9370
-40.6450
-41.3160
-41.9520
-42.5560
-43.1280
-43.6690
-44.1810
-44.6650
-45.1220
-45.5520
-45.9570
-46.3360
-46.6900
-47.0210
-47.3290
-47.6130
-47.8750
-48.1140
-48.3320
-48.5280
-48.7030
-48.8570
-48.9900
-49.1020
-49.1930
-49.2650
-49.3150
-49.3460
-49.3560
-49.3460
-49.3150
-49.2650
-49.1930
-49.1020
-48.9900
-48.8570
-48.7030
-48.5280
-48.3320
-48.1140
-47.8750
-47.6130
-47.3290
-47.0210
-46.6900
-46.3360
-45.9570
-45.5520
-45.1220
-44.6650
-44.1810
-43.6690
-43.1280
-42.5560
-41.9520
-41.3160
-40.6450
-39.9370
-39.1920
-38.4060
-37.5770
-36.7010
-35.7770
-34.7990
-33.7640
-32.6650
-31.4960
-30.2490
-28.9140
-27.4770
-25.9230
-24.2280
-22.3610
-20.2730
-17.8890
-15.0670
-11.4890
0.0000
0.0000
-4.2426
-10.7240
-14.4910
-17.4070
-19.8490
-21.9770
-23.8750
-25.5930
-27.1660
-28.6180
-29.9670
-31.2250
-32.4040
-33.5110
-34.5540
-35.5390
-36.4690
-37.3500
-38.1840
-38.9740
-39.7240
-40.4350
-41.1100
-41.7490
-42.3560
-42.9300
-43.4740
-43.9890
-44.4750
-44.9330
-45.3650
-45.7710
-46.1520
-46.5080
-46.8400
-47.1490
-47.4340
-47.6970
-47.9370
-48.1560
-48.3530
-48.5280
-48.6830
-48.8160
-48.9290
-49.0200
-49.0920
-49.1430
-49.1730
-49.1830
-49.1730
-49.1430
-49.0920
-49.0200
-48.9290
-48.8160
-48.6830
-48.5280
-48.3530
-48.1560
-47.9370
-47.6970
-47.4340
-47.1490
-46.8400
-46.5080
-46.1520
-45.7710
-45.3650
-44.9330
-44.4750
-43.9890
-43.4740
-42.9300
-42.3560
-41.7490
-41.1100
-40.4350
-39.7240
-38.9740
-38.1840
-37.3500
-36.4690
-35.5390
-34.5540
-33.5110
-32.4040
-31.2250
-29.9670
-28.6180
-27.1660
-25.5930
-23.8750
-21.9770
-19.8490
-17.4070
-14.4910
-10.7240
0.0000
0.0000
0.0000
-9.7980
-13.8200
-16.8520
-19.3650
-21.5410
-23.4730
-25.2190
-26.8140
-28.2840
-29.6480
-30.9190
-32.1090
-33.2260
-34.2780
-35.2700
-36.2080
-37.0940
-37.9340
-38.7300
-39.4840
-40.2000
-40.8780
-41.5210
-42.1310
-42.7080
-43.2550
-43.7720
-44.2610
-44.7210
-45.1550
-45.5630
-45.9460
-46.3030
-46.6370
-46.9470
-47.2330
-47.4970
-47.7390
-47.9580
-48.1560
-48.3320
-48.4870
-48.6210
-48.7340
-48.8260
-48.8980
-48.9490
-48.9800
-48.9900
-48.9800
-48.9490
-48.8980
-48.8260
-48.7340
-48.6210
-48.4870
-48.3320
-48.1560
-47.9580
-47.7390
-47.4970
-47.2330
-46.9470
-46.6370
-46.3030
-45.9460
-45.5630
-45.1550
-44.7210
-44.2610
-43.7720
-43.2550
-42.7080
-42.1310
-41.5210
-40.8780
-40.2000
-39.4840
-38.7300
-37.9340
-37.0940
-36.2080
-35.2700
-34.2780
-33.2260
-32.1090
-30.9190
-29.6480
-28.2840
-26.8140
-25.2190
-23.4730
-21.5410
-19.3650
-16.8520
-13.8200
-9.7980
0.0000
0.0000
0.0000
-8.6603
-13.0380
-16.2170
-18.8150
-21.0480
-23.0220
-24.7990
-26.4200
-27.9110
-29.2920
-30.5780
-31.7800
-32.9090
-33.9710
-34.9710
-35.9170
-36.8100
-37.6560
-38.4580
-39.2170
-39.9370
-40.6200
-41.2670
-41.8810
-42.4620
-43.0120
-43.5320
-44.0230
-44.4860
-44.9220
-45.3320
-45.7170
-46.0760
-46.4110
-46.7230
-47.0110
-47.2760
-47.5180
-47.7390
-47.9370
-48.1140
-48.2700
-48.4050
-48.5180
-48.6110
-48.6830
-48.7340
-48.7650
-48.7750
-48.7650
-48.7340
-48.6830
-48.6110
-48.5180
-48.4050
-48.2700
-48.1140
-47.9370
-47.7390
-47.5180
-47.2760
-47.0110
-46.7230
-46.4110
-46.0760
-45.7170
-45.3320
-44.9220
-44.4860
-44.0230
-43.5320
-43.0120
-42.4620
-41.8810
-41.2670
-40.6200
-39.9370
-39.2170
-38.4580
-37.6560
-36.8100
-35.9170
-34.9710
-33.9710
-32.9090
-31.7800
-30.5780
-29.2920
-27.9110
-26.4200
-24.7990
-23.0220
-21.0480
-18.8150
-16.2170
-13.0380
-8.6603
0.0000
0.0000
0.0000
-7.2111
-12.1240
-15.4920
-18.1930
-20.4940
-22.5170
-24.3310
-25.9810
-27.4950
-28.8960
-30.1990
-31.4170
-32.5580
-33.6300
-34.6410
-35.5950
-36.4970
-37.3500
-38.1580
-38.9230
-39.6480
-40.3360
-40.9880
-41.6050
-42.1900
-42.7430
-43.2670
-43.7610
-44.2270
-44.6650
-45.0780
-45.4640
-45.8260
-46.1630
-46.4760
-46.7650
-47.0320
-47.2760
-47.4970
-47.6970
-47.8750
-48.0310
-48.1660
-48.2800
-48.3740
-48.4460
-48.4970
-48.5280
-48.5390
-48.5280
-48.4970
-48.4460
-48.3740
-48.2800
-48.1660
-48.0310
-47.8750
-47.6970
-47.4970
-47.2760
-47.0320
-46.7650
-46.4760
-46.1630
-45.8260
-45.4640
-45.0780
-44.6650
-44.2270
-43.7610
-43.2670
-42.7430
-42.1900
-41.6050
-40.9880
-40.3360
-39.6480
-38.9230
-38.1580
-37.3500
-36.4970
-35.5950
-34.6410
-33.6300
-32.5580
-31.4170
-30.1990
-28.8960
-27.4950
-25.9810
-24.3310
-22.5170
-20.4940
-18.1930
-15.4920
-12.1240
-7.2111
0.0000
0.0000
0.0000
-5.1962
-11.0450
-14.6630
-17.4930
-19.8750
-21.9540
-23.8120
-25.4950
-27.0370
-28.4600
-29.7830
-31.0160
-32.1710
-33.2570
-34.2780
-35.2420
-36.1520
-37.0140
-37.8290
-38.6010
-39.3320
-40.0250
-40.6820
-41.3040
-41.8930
-42.4500
-42.9770
-43.4740
-43.9430
-44.3850
-44.8000
-45.1880
-45.5520
-45.8910
-46.2060
-46.4970
-46.7650
-47.0110
-47.2330
-47.4340
-47.6130
-47.7700
-47.9060
-48.0210
-48.1140
-48.1870
-48.2390
-48.2700
-48.2800
-48.2700
-48.2390
-48.1870
-48.1140
-48.0210
-47.9060
-47.7700
-47.6130
-47.4340
-47.2330
-47.0110
-46.7650
-46.4970
-46.2060
-45.8910
-45.5520
-45.1880
-44.8000
-44.3850
-43.9430
-43.4740
-42.9770
-42.4500
-41.8930
-41.3040
-40.6820
-40.0250
-39.3320
-38.6010
-37.8290
-37.0140
-36.1520
-35.2420
-34.2780
-33.2570
-32.1710
-31.0160
-29.7830
-28.4600
-27.0370
-25.4950
-23.8120
-21.9540
-19.8750
-17.4930
-14.6630
-11.0450
-5.1962
0.0000
0.0000
0.0000
0.0000
-9.7468
-13.7110
-16.7030
-19.1830
-21.3310
-23.2380
-24.9600
-26.5330
-27.9820
-29.3260
-30.5780
-31.7490
-32.8480
-33.8820
-34.8570
-35.7770
-36.6470
-37.4700
-38.2490
-38.9870
-39.6860
-40.3480
-40.9760
-41.5690
-42.1310
-42.6610
-43.1620
-43.6350
-44.0790
-44.4970
-44.8890
-45.2550
-45.5960
-45.9130
-46.2060
-46.4760
-46.7230
-46.9470
-47.1490
-47.3290
-47.4870
-47.6240
-47.7390
-47.8330
-47.9060
-47.9580
-47.9900
-48.0000
-47.9900
-47.9580
-47.9060
-47.8330
-47.7390
-47.6240
-47.4870
-47.3290
-47.1490
-46.9470
-46.7230
-46.4760
-46.2060
-45.9130
-45.5960
-45.2550
-44.8890
-44.4970
-44.0790
-43.6350
-43.1620
-42.6610
-42.1310
-41.5690
-40.9760
-40.3480
-39.6860
-38.9870
-38.2490
-37.4700
-36.6470
-35.7770
-34.8570
-33.8820
-32.8480
-31.7490
-30.5780
-29.3260
-27.9820
-26.5330
-24.9600
-23.2380
-21.3310
-19.1830
-16.7030
-13.7110
-9.7468
0.0000
0.0000
0.0000
0.0000
0.0000
-8.1240
-12.6100
-15.8110
-18.4120
-20.6400
-22.6050
-24.3720
-25.9810
-27.4590
-28.8270
-30.1000
-31.2890
-32.4040
-33.4510
-34.4380
-35.3690
-36.2490
-37.0810
-37.8680
-38.6130
-39.3190
-39.9870
-40.6200
-41.2190
-41.7850
-42.3200
-42.8250
-43.3010
-43.7490
-44.1700
-44.5650
-44.9330
-45.2770
-45.5960
-45.8910
-46.1630
-46.4110
-46.6370
-46.8400
-47.0210
-47.1810
-47.3180
-47.4340
-47.5290
-47.6030
-47.6550
-47.6860
-47.6970
-47.6860
-47.6550
-47.6030
-47.5290
-47.4340
-47.3180
-47.1810
-47.0210
-46.8400
-46.6370
-46.4110
-46.1630
-45.8910
-45.5960
-45.2770
-44.9330
-44.5650
-44.1700
-43.7490
-43.3010
-42.8250
-42.3200
-41.7850
-41.2190
-40.6200
-39.9870
-39.3190
-38.6130
-37.8680
-37.0810
-36.2490
-35.3690
-34.4380
-33.4510
-32.4040
-31.2890
-30.1000
-28.8270
-27.4590
-25.9810
-24.3720
-22.6050
-20.6400
-18.4120
-15.8110
-12.6100
-8.1240
0.0000
0.0000
0.0000
0.0000
0.0000
-5.9161
-11.3140
-14.7990
-17.5500
-19.8750
-21.9090
-23.7280
-25.3770
-26.8890
-28.2840
-29.5800
-30.7900
-31.9220
-32.9850
-33.9850
-34.9280
-35.8190
-36.6610
-37.4570
-38.2100
-38.9230
-39.5980
-40.2370
-40.8410
-41.4130
-41.9520
-42.4620
-42.9420
-43.3940
-43.8180
-44.2150
-44.5870
-44.9330
-45.2550
-45.5520
-45.8260
-46.0760
-46.3030
-46.5080
-46.6900
-46.8510
-46.9890
-47.1060
-47.2020
-47.2760
-47.3290
-47.3600
-47.3710
-47.3600
-47.3290
-47.2760
-47.2020
-47.1060
-46.9890
-46.8510
-46.6900
-46.5080
-46.3030
-46.0760
-45.8260
-45.5520
-45.2550
-44.9330
-44.5870
-44.2150
-43.8180
-43.3940
-42.9420
-42.4620
-41.9520
-41.4130
-40.8410
-40.2370
-39.5980
-38.9230
-38.2100
-37.4570
-36.6610
-35.8190
-34.9280
-33.9850
-32.9850
-31.9220
-30.7900
-29.5800
-28.2840
-26.8890
-25.3770
-23.7280
-21.9090
-19.8750
-17.5500
-14.7990
-11.3140
-5.9161
0.0000
0.0000
0.0000
0.0000
0.0000
-1.4142
-9.7468
-13.6380
-16.5830
-19.0260
-21.1420
-23.0220
-24.7180
-26.2680
-27.6950
-29.0170
-30.2490
-31.4010
-32.4810
-33.4960
-34.4530
-35.3550
-36.2080
-37.0140
-37.7760
-38.4970
-39.1790
-39.8250
-40.4350
-41.0120
-41.5570
-42.0710
-42.5560
-43.0120
-43.4400
-43.8410
-44.2150
-44.5650
-44.8890
-45.1880
-45.4640
-45.7170
-45.9460
-46.1520
-46.3360
-46.4970
-46.6370
-46.7550
-46.8510
-46.9250
-46.9790
-47.0110
-47.0210
-47.0110
-46.9790
-46.9250
-46.8510
-46.7550
-46.6370
-46.4970
-46.3360
-46.1520
-45.9460
-45.7170
-45.4640
-45.1880
-44.8890
-44.5650
-44.2150
-43.8410
-43.4400
-43.0120
-42.5560
-42.0710
-41.5570
-41.0120
-40.4350
-39.8250
-39.1790
-38.4970
-37.7760
-37.0140
-36.2080
-35.3550
-34.4530
-33.4960
-32.4810
-31.4010
-30.2490
-29.0170
-27.6950
-26.2680
-24.7180
-23.0220
-21.1420
-19.0260
-16.5830
-13.6380
-9.7468
-1.4142
0.0000
0.0000
0.0000
0.0000
0.0000
0.0000
-7.7460
-12.2880
-15.4920
-18.0830
-20.2980
-22.2490
-24.0000
-25.5930
-27.0550
-28.4080
-29.6650
-30.8380
-31.9370
-32.9700
-33.9410
-34.8570
-35.7210
-36.5380
-37.3100
-38.0390
-38.7300
-39.3830
-40.0000
-40.5830
-41.1340
-41.6530
-42.1430
-42.6030
-43.0350
-43.4400
-43.8180
-44.1700
-44.4970
-44.8000
-45.0780
-45.3320
-45.5630
-45.7710
-45.9570
-46.1190
-46.2600
-46.3790
-46.4760
-46.5510
-46.6050
-46.6370
-46.6480
-46.6370
-46.6050
-46.5510
-46.4760
-46.3790
-46.2600
-46.1190
-45.9570
-45.7710
-45.5630
-45.3320
-45.0780
-44.8000
-44.4970
-44.1700
-43.8180
-43.4400
-43.0350
-42.6030
-42.1430
-41.6530
-41.1340
-40.5830
-40.0000
-39.3830
-38.7300
-38.0390
-37.3100
-36.5380
-35.7210
-34.8570
-33.9410
-32.9700
-31.9370
-30.8380
-29.6650
-28.4080
-27.0550
-25.5930
-24.0000
-22.2490
-20.2980
-18.0830
-15.4920
-12.2880
-7.7460
0.0000
0.0000
0.0000
0.0000
0.0000
0.0000
0.0000
-4.7958
-10.6770
-14.2480
-17.0290
-19.3650
-21.4010
-23.2160
-24.8600
-26.3630
-27.7490
-29.0340
-30.2320
-31.3530
-32.4040
-33.3920
-34.3220
-35.1990
-36.0280
-36.8100
-37.5500
-38.2490
-38.9100
-39.5350
-40.1250
-40.6820
-41.2070
-41.7010
-42.1660
-42.6030
-43.0120
-43.3940
-43.7490
-44.0790
-44.3850
-44.6650
-44.9220
-45.1550
-45.3650
-45.5520
-45.7170
-45.8580
-45.9780
-46.0760
-46.1520
-46.2060
-46.2390
-46.2490
-46.2390
-46.2060
-46.1520
-46.0760
-45.9780
-45.8580
-45.7170
-45.5520
-45.3650
-45.1550
-44.9220
-44.6650
-44.3850
-44.0790
-43.7490
-43.3940
-43.0120
-42.6030
-42.1660
-41.7010
-41.2070
-40.6820
-40.1250
-39.5350
-38.9100
-38.2490
-37.5500
-36.8100
-36.0280
-35.1990
-34.3220
-33.3920
-32.4040
-31.3530
-30.2320
-29.0340
-27.7490
-26.3630
-24.8600
-23.2160
-21.4010
-19.3650
-17.0290
-14.2480
-10.6770
-4.7958
0.0000
0.0000
0.0000
0.0000
0.0000
0.0000
0.0000
0.0000
-8.6603
-12.8060
-15.8430
-18.3300
-20.4690
-22.3610
-24.0620
-25.6120
-27.0370
-28.3550
-29.5800
-30.7250
-31.7960
-32.8020
-33.7490
-34.6410
-35.4820
-36.2770
-37.0270
-37.7360
-38.4060
-39.0380
-39.6360
-40.2000
-40.7310
-41.2310
-41.7010
-42.1430
-42.5560
-42.9420
-43.3010
-43.6350
-43.9430
-44.2270
-44.4860
-44.7210
-44.9330
-45.1220
-45.2880
-45.4310
-45.5520
-45.6510
-45.7270
-45.7820
-45.8150
-45.8260
-45.8150
-45.7820
-45.7270
-45.6510
-45.5520
-45.4310
-45.2880
-45.1220
-44.9330
-44.7210
-44.4860
-44.2270
-43.9430
-43.6350
-43.3010
-42.9420
-42.5560
-42.1430
-41.7010
-41.2310
-40.7310
-40.2000
-39.6360
-39.0380
-38.4060
-37.7360
-37.0270
-36.2770
-35.4820
-34.6410
-33.7490
-32.8020
-31.7960
-30.7250
-29.5800
-28.3550
-27.0370
-25.6120
-24.0620
-22.3610
-20.4690
-18.3300
-15.8430
-12.8060
-8.6603
0.0000
0.0000
0.0000
0.0000
0.0000
0.0000
0.0000
0.0000
0.0000
-5.8310
-11.0910
-14.4910
-17.1760
-19.4420
-21.4240
-23.1950
-24.7990
-26.2680
-27.6220
-28.8790
-30.0500
-31.1450
-32.1710
-33.1360
-34.0440
-34.9000
-35.7070
-36.4690
-37.1890
-37.8680
-38.5100
-39.1150
-39.6860
-40.2240
-40.7310
-41.2070
-41.6530
-42.0710
-42.4620
-42.8250
-43.1620
-43.4740
-43.7610
-44.0230
-44.2610
-44.4750
-44.6650
-44.8330
-44.9780
-45.1000
-45.2000
-45.2770
-45.3320
-45.3650
-45.3760
-45.3650
-45.3320
-45.2770
-45.2000
-45.1000
-44.9780
-44.8330
-44.6650
-44.4750
-44.2610
-44.0230
-43.7610
-43.4740
-43.1620
-42.8250
-42.4620
-42.0710
-41.6530
-41.2070
-40.7310
-40.2240
-39.6860
-39.1150
-38.5100
-37.8680
-37.1890
-36.4690
-35.7070
-34.9000
-34.0440
-33.1360
-32.1710
-31.1450
-30.0500
-28.8790
-27.6220
-26.2680
-24.7990
-23.1950
-21.4240
-19.4420
-17.1760
-14.4910
-11.0910
-5.8310
0.0000
0.0000
0.0000
0.0000
0.0000
0.0000
0.0000
0.0000
0.0000
0.0000
-8.9443
-12.9230
-15.8750
-18.3030
-20.3960
-22.2490
-23.9170
-25.4360
-26.8330
-28.1250
-29.3260
-30.4470
-31.4960
-32.4810
-33.4070
-34.2780
-35.1000
-35.8750
-36.6060
-37.2960
-37.9470
-38.5620
-39.1410
-39.6860
-40.2000
-40.6820
-41.1340
-41.5570
-41.9520
-42.3200
-42.6610
-42.9770
-43.2670
-43.5320
-43.7720
-43.9890
-44.1810
-44.3510
-44.4970
-44.6210
-44.7210
-44.8000
-44.8550
-44.8890
-44.9000
-44.8890
-44.8550
-44.8000
-44.7210
-44.6210
-44.4970
-44.3510
-44.1810
-43.9890
-43.7720
-43.5320
-43.2670
-42.9770
-42.6610
-42.3200
-41.9520
-41.5570
-41.1340
-40.6820
-40.2000
-39.6860
-39.1410
-38.5620
-37.9470
-37.2960
-36.6060
-35.8750
-35.1000
-34.2780
-33.4070
-32.4810
-31.4960
-30.4470
-29.3260
-28.1250
-26.8330
-25.4360
-23.9170
-22.2490
-20.3960
-18.3030
-15.8750
-12.9230
-8.9443
0.0000
0.0000
0.0000
0.0000
0.0000
0.0000
0.0000
0.0000
0.0000
0.0000
0.0000
-5.9161
-11.0450
-14.3870
-17.0290
-19.2610
-21.2130
-22.9560
-24.5360
-25.9810
-27.3130
-28.5480
-29.6980
-30.7730
-31.7800
-32.7260
-33.6150
-34.4530
-35.2420
-35.9860
-36.6880
-37.3500
-37.9740
-38.5620
-39.1150
-39.6360
-40.1250
-40.5830
-41.0120
-41.4130
-41.7850
-42.1310
-42.4500
-42.7430
-43.0120
-43.2550
-43.4740
-43.6690
-43.8410
-43.9890
-44.1130
-44.2150
-44.2940
-44.3510
-44.3850
-44.3960
-44.3850
-44.3510
-44.2940
-44.2150
-44.1130
-43.9890
-43.8410
-43.6690
-43.4740
-43.2550
-43.0120
-42.7430
-42.4500
-42.1310
-41.7850
-41.4130
-41.0120
-40.5830
-40.1250
-39.6360
-39.1150
-38.5620
-37.9740
-37.3500
-36.6880
-35.9860
-35.2420
-34.4530
-33.6150
-32.7260
-31.7800
-30.7730
-29.6980
-28.5480
-27.3130
-25.9810
-24.5360
-22.9560
-21.2130
-19.2610
-17.0290
-14.3870
-11.0450
-5.9161
0.0000
0.0000
0.0000
0.0000
0.0000
0.0000
0.0000
0.0000
0.0000
0.0000
0.0000
0.0000
-8.6603
-12.6490
-15.5880
-18.0000
-20.0750
-21.9090
-23.5580
-25.0600
-26.4390
-27.7130
-28.8960
-30.0000
-31.0320
-32.0000
-32.9090
-33.7640
-34.5690
-35.3270
-36.0420
-36.7150
-37.3500
-37.9470
-38.5100
-39.0380
-39.5350
-40.0000
-40.4350
-40.8410
-41.2190
-41.5690
-41.8930
-42.1900
-42.4620
-42.7080
-42.9300
-43.1280
-43.3010
-43.4510
-43.5780
-43.6810
-43.7610
-43.8180
-43.8520
-43.8630
-43.8520
-43.8180
-43.7610
-43.6810
-43.5780
-43.4510
-43.3010
-43.1280
-42.9300
-42.7080
-42.4620
-42.1900
-41.8930
-41.5690
-41.2190
-40.8410
-40.4350
-40.0000
-39.5350
-39.0380
-38.5100
-37.9470
-37.3500
-36.7150
-36.0420
-35.3270
-34.5690
-33.7640
-32.9090
-32.0000
-31.0320
-30.0000
-28.8960
-27.7130
-26.4390
-25.0600
-23.5580
-21.9090
-20.0750
-18.0000
-15.5880
-12.6490
-8.6603
0.0000
0.0000
0.0000
0.0000
0.0000
0.0000
0.0000
0.0000
0.0000
0.0000
0.0000
0.0000
0.0000
-5.0990
-10.5360
-13.9280
-16.5830
-18.8150
-20.7610
-22.4940
-24.0620
-25.4950
-26.8140
-28.0360
-29.1720
-30.2320
-31.2250
-32.1560
-33.0300
-33.8530
-34.6270
-35.3550
-36.0420
-36.6880
-37.2960
-37.8680
-38.4060
-38.9100
-39.3830
-39.8250
-40.2370
-40.6200
-40.9760
-41.3040
-41.6050
-41.8810
-42.1310
-42.3560
-42.5560
-42.7320
-42.8840
-43.0120
-43.1160
-43.1970
-43.2550
-43.2900
-43.3010
-43.2900
-43.2550
-43.1970
-43.1160
-43.0120
-42.8840
-42.7320
-42.5560
-42.3560
-42.1310
-41.8810
-41.6050
-41.3040
-40.9760
-40.6200
-40.2370
-39.8250
-39.3830
-38.9100
-38.4060
-37.8680
-37.2960
-36.6880
-36.0420
-35.3550
-34.6270
-33.8530
-33.0300
-32.1560
-31.2250
-30.2320
-29.1720
-28.0360
-26.8140
-25.4950
-24.0620
-22.4940
-20.7610
-18.8150
-16.5830
-13.9280
-10.5360
-5.0990
0.0000
0.0000
0.0000
0.0000
0.0000
0.0000
0.0000
0.0000
0.0000
0.0000
0.0000
0.0000
0.0000
0.0000
-7.7460
-11.9580
-14.9670
-17.4070
-19.4940
-21.3310
-22.9780
-24.4740
-25.8460
-27.1110
-28.2840
-29.3770
-30.3970
-31.3530
-32.2490
-33.0910
-33.8820
-34.6270
-35.3270
-35.9860
-36.6060
-37.1890
-37.7360
-38.2490
-38.7300
-39.1790
-39.5980
-39.9870
-40.3480
-40.6820
-40.9880
-41.2670
-41.5210
-41.7490
-41.9520
-42.1310
-42.2850
-42.4150
-42.5210
-42.6030
-42.6610
-42.6970
-42.7080
-42.6970
-42.6610
-42.6030
-42.5210
-42.4150
-42.2850
-42.1310
-41.9520
-41.7490
-41.5210
-41.2670
-40.9880
-40.6820
-40.3480
-39.9870
-39.5980
-39.1790
-38.7300
-38.2490
-37.7360
-37.1890
-36.6060
-35.9860
-35.3270
-34.6270
-33.8820
-33.0910
-32.2490
-31.3530
-30.3970
-29.3770
-28.2840
-27.1110
-25.8460
-24.4740
-22.9780
-21.3310
-19.4940
-17.4070
-14.9670
-11.9580
-7.7460
0.0000
0.0000
0.0000
0.0000
0.0000
0.0000
0.0000
0.0000
0.0000
0.0000
0.0000
0.0000
0.0000
0.0000
0.0000
-2.6458
-9.4868
-13.0770
-15.8110
-18.0830
-20.0500
-21.7940
-23.3670
-24.7990
-26.1150
-27.3310
-28.4600
-29.5130
-30.4960
-31.4170
-32.2800
-33.0910
-33.8530
-34.5690
-35.2420
-35.8750
-36.4690
-37.0270
-37.5500
-38.0390
-38.4970
-38.9230
-39.3190
-39.6860
-40.0250
-40.3360
-40.6200
-40.8780
-41.1100
-41.3160
-41.4970
-41.6530
-41.7850
-41.8930
-41.9760
-42.0360
-42.0710
-42.0830
-42.0710
-42.0360
-41.9760
-41.8930
-41.7850
-41.6530
-41.4970
-41.3160
-41.1100
-40.8780
-40.6200
-40.3360
-40.0250
-39.6860
-39.3190
-38.9230
-38.4970
-38.0390
-37.5500
-37.0270
-36.4690
-35.8750
-35.2420
-34.5690
-33.8530
-33.0910
-32.2800
-31.4170
-30.4960
-29.5130
-28.4600
-27.3310
-26.1150
-24.7990
-23.3670
-21.7940
-20.0500
-18.0830
-15.8110
-13.0770
-9.4868
-2.6458
0.0000
0.0000
0.0000
0.0000
0.0000
0.0000
0.0000
0.0000
0.0000
0.0000
0.0000
0.0000
0.0000
0.0000
0.0000
0.0000
-5.9161
-10.7700
-13.9640
-16.4920
-18.6280
-20.4940
-22.1590
-23.6640
-25.0400
-26.3060
-27.4770
-28.5660
-29.5800
-30.5290
-31.4170
-32.2490
-33.0300
-33.7640
-34.4530
-35.1000
-35.7070
-36.2770
-36.8100
-37.3100
-37.7760
-38.2100
-38.6130
-38.9870
-39.3320
-39.6480
-39.9370
-40.2000
-40.4350
-40.6450
-40.8290
-40.9880
-41.1220
-41.2310
-41.3160
-41.3760
-41.4130
-41.4250
-41.4130
-41.3760
-41.3160
-41.2310
-41.1220
-40.9880
-40.8290
-40.6450
-40.4350
-40.2000
-39.9370
-39.6480
-39.3320
-38.9870
-38.6130
-38.2100
-37.7760
-37.3100
-36.8100
-36.2770
-35.7070
-35.1000
-34.4530
-33.7640
-33.0300
-32.2490
-31.4170
-30.5290
-29.5800
-28.5660
-27.4770
-26.3060
-25.0400
-23.6640
-22.1590
-20.4940
-18.6280
-16.4920
-13.9640
-10.7700
-5.9161
0.0000
0.0000
0.0000
0.0000
0.0000
0.0000
0.0000
0.0000
0.0000
0.0000
0.0000
0.0000
0.0000
0.0000
0.0000
0.0000
0.0000
0.0000
-7.6811
-11.7470
-14.6630
-17.0290
-19.0530
-20.8330
-22.4280
-23.8750
-25.1990
-26.4200
-27.5500
-28.6010
-29.5800
-30.4960
-31.3530
-32.1560
-32.9090
-33.6150
-34.2780
-34.9000
-35.4820
-36.0280
-36.5380
-37.0140
-37.4570
-37.8680
-38.2490
-38.6010
-38.9230
-39.2170
-39.4840
-39.7240
-39.9370
-40.1250
-40.2860
-40.4230
-40.5340
-40.6200
-40.6820
-40.7190
-40.7310
-40.7190
-40.6820
-40.6200
-40.5340
-40.4230
-40.2860
-40.1250
-39.9370
-39.7240
-39.4840
-39.2170
-38.9230
-38.6010
-38.2490
-37.8680
-37.4570
-37.0140
-36.5380
-36.0280
-35.4820
-34.9000
-34.2780
-33.6150
-32.9090
-32.1560
-31.3530
-30.4960
-29.5800
-28.6010
-27.5500
-26.4200
-25.1990
-23.8750
-22.4280
-20.8330
-19.0530
-17.0290
-14.6630
-11.7470
-7.6811
0.0000
0.0000
0.0000
0.0000
0.0000
0.0000
0.0000
0.0000
0.0000
0.0000
0.0000
0.0000
0.0000
0.0000
0.0000
0.0000
0.0000
0.0000
0.0000
0.0000
-8.8882
-12.4900
-15.1990
-17.4360
-19.3650
-21.0710
-22.6050
-24.0000
-25.2780
-26.4580
-27.5500
-28.5660
-29.5130
-30.3970
-31.2250
-32.0000
-32.7260
-33.4070
-34.0440
-34.6410
-35.1990
-35.7210
-36.2080
-36.6610
-37.0810
-37.4700
-37.8290
-38.1580
-38.4580
-38.7300
-38.9740
-39.1920
-39.3830
-39.5470
-39.6860
-39.7990
-39.8870
-39.9500
-39.9870
-40.0000
-39.9870
-39.9500
-39.8870
-39.7990
-39.6860
-39.5470
-39.3830
-39.1920
-38.9740
-38.7300
-38.4580
-38.1580
-37.8290
-37.4700
-37.0810
-36.6610
-36.2080
-35.7210
-35.1990
-34.6410
-34.0440
-33.4070
-32.7260
-32.0000
-31.2250
-30.3970
-29.5130
-28.5660
-27.5500
-26.4580
-25.2780
-24.0000
-22.6050
-21.0710
-19.3650
-17.4360
-15.1990
-12.4900
-8.8882
0.0000
0.0000
0.0000
0.0000
0.0000
0.0000
0.0000
0.0000
0.0000
0.0000
0.0000
0.0000
0.0000
0.0000
0.0000
0.0000
0.0000
0.0000
0.0000
0.0000
0.0000
-4.2426
-9.7468
-13.0380
-15.5880
-17.7200
-19.5700
-21.2130
-22.6940
-24.0420
-25.2780
-26.4200
-27.4770
-28.4600
-29.3770
-30.2320
-31.0320
-31.7800
-32.4810
-33.1360
-33.7490
-34.3220
-34.8570
-35.3550
-35.8190
-36.2490
-36.6470
-37.0140
-37.3500
-37.6560
-37.9340
-38.1840
-38.4060
-38.6010
-38.7690
-38.9100
-39.0260
-39.1150
-39.1790
-39.2170
-39.2300
-39.2170
-39.1790
-39.1150
-39.0260
-38.9100
-38.7690
-38.6010
-38.4060
-38.1840
-37.9340
-37.6560
-37.3500
-37.0140
-36.6470
-36.2490
-35.8190
-35.3550
-34.8570
-34.3220
-33.7490
-33.1360
-32.4810
-31.7800
-31.0320
-30.2320
-29.3770
-28.4600
-27.4770
-26.4200
-25.2780
-24.0420
-22.6940
-21.2130
-19.5700
-17.7200
-15.5880
-13.0380
-9.7468
-4.2426
0.0000
0.0000
0.0000
0.0000
0.0000
0.0000
0.0000
0.0000
0.0000
0.0000
0.0000
0.0000
0.0000
0.0000
0.0000
0.0000
0.0000
0.0000
0.0000
0.0000
0.0000
0.0000
-5.6569
-10.3440
-13.4160
-15.8430
-17.8890
-19.6720
-21.2600
-22.6940
-24.0000
-25.1990
-26.3060
-27.3310
-28.2840
-29.1720
-30.0000
-30.7730
-31.4960
-32.1710
-32.8020
-33.3920
-33.9410
-34.4530
-34.9280
-35.3690
-35.7770
-36.1520
-36.4970
-36.8100
-37.0940
-37.3500
-37.5770
-37.7760
-37.9470
-38.0920
-38.2100
-38.3010
-38.3670
-38.4060
-38.4190
-38.4060
-38.3670
-38.3010
-38.2100
-38.0920
-37.9470
-37.7760
-37.5770
-37.3500
-37.0940
-36.8100
-36.4970
-36.1520
-35.7770
-35.3690
-34.9280
-34.4530
-33.9410
-33.3920
-32.8020
-32.1710
-31.4960
-30.7730
-30.0000
-29.1720
-28.2840
-27.3310
-26.3060
-25.1990
-24.0000
-22.6940
-21.2600
-19.6720
-17.8890
-15.8430
-13.4160
-10.3440
-5.6569
0.0000
0.0000
0.0000
0.0000
0.0000
0.0000
0.0000
0.0000
0.0000
0.0000
0.0000
0.0000
0.0000
0.0000
0.0000
0.0000
0.0000
0.0000
0.0000
0.0000
0.0000
0.0000
0.0000
0.0000
-6.4807
-10.7240
-13.6380
-15.9690
-17.9440
-19.6720
-21.2130
-22.6050
-23.8750
-25.0400
-26.1150
-27.1110
-28.0360
-28.8960
-29.6980
-30.4470
-31.1450
-31.7960
-32.4040
-32.9700
-33.4960
-33.9850
-34.4380
-34.8570
-35.2420
-35.5950
-35.9170
-36.2080
-36.4690
-36.7010
-36.9050
-37.0810
-37.2290
-37.3500
-37.4430
-37.5100
-37.5500
-37.5630
-37.5500
-37.5100
-37.4430
-37.3500
-37.2290
-37.0810
-36.9050
-36.7010
-36.4690
-36.2080
-35.9170
-35.5950
-35.2420
-34.8570
-34.4380
-33.9850
-33.4960
-32.9700
-32.4040
-31.7960
-31.1450
-30.4470
-29.6980
-28.8960
-28.0360
-27.1110
-26.1150
-25.0400
-23.8750
-22.6050
-21.2130
-19.6720
-17.9440
-15.9690
-13.6380
-10.7240
-6.4807
0.0000
0.0000
0.0000
0.0000
0.0000
0.0000
0.0000
0.0000
0.0000
0.0000
0.0000
0.0000
0.0000
0.0000
0.0000
0.0000
0.0000
0.0000
0.0000
0.0000
0.0000
0.0000
0.0000
0.0000
0.0000
0.0000
-6.9282
-10.9090
-13.7110
-15.9690
-17.8890
-19.5700
-21.0710
-22.4280
-23.6640
-24.7990
-25.8460
-26.8140
-27.7130
-28.5480
-29.3260
-30.0500
-30.7250
-31.3530
-31.9370
-32.4810
-32.9850
-33.4510
-33.8820
-34.2780
-34.6410
-34.9710
-35.2700
-35.5390
-35.7770
-35.9860
-36.1660
-36.3180
-36.4420
-36.5380
-36.6060
-36.6470
-36.6610
-36.6470
-36.6060
-36.5380
-36.4420
-36.3180
-36.1660
-35.9860
-35.7770
-35.5390
-35.2700
-34.9710
-34.6410
-34.2780
-33.8820
-33.4510
-32.9850
-32.4810
-31.9370
-31.3530
-30.7250
-30.0500
-29.3260
-28.5480
-27.7130
-26.8140
-25.8460
-24.7990
-23.6640
-22.4280
-21.0710
-19.5700
-17.8890
-15.9690
-13.7110
-10.9090
-6.9282
0.0000
0.0000
0.0000
0.0000
0.0000
0.0000
0.0000
0.0000
0.0000
0.0000
0.0000
0.0000
0.0000
0.0000
0.0000
0.0000
0.0000
0.0000
0.0000
0.0000
0.0000
0.0000
0.0000
0.0000
0.0000
0.0000
0.0000
0.0000
-7.0711
-10.9090
-13.6380
-15.8430
-17.7200
-19.3650
-20.8330
-22.1590
-23.3670
-24.4740
-25.4950
-26.4390
-27.3130
-28.1250
-28.8790
-29.5800
-30.2320
-30.8380
-31.4010
-31.9220
-32.4040
-32.8480
-33.2570
-33.6300
-33.9710
-34.2780
-34.5540
-34.7990
-35.0140
-35.1990
-35.3550
-35.4820
-35.5810
-35.6510
-35.6930
-35.7070
-35.6930
-35.6510
-35.5810
-35.4820
-35.3550
-35.1990
-35.0140
-34.7990
-34.5540
-34.2780
-33.9710
-33.6300
-33.2570
-32.8480
-32.4040
-31.9220
-31.4010
-30.8380
-30.2320
-29.5800
-28.8790
-28.1250
-27.3130
-26.4390
-25.4950
-24.4740
-23.3670
-22.1590
-20.8330
-19.3650
-17.7200
-15.8430
-13.6380
-10.9090
-7.0711
0.0000
0.0000
0.0000
0.0000
0.0000
0.0000
0.0000
0.0000
0.0000
0.0000
0.0000
0.0000
0.0000
0.0000
0.0000
0.0000
0.0000
0.0000
0.0000
0.0000
0.0000
0.0000
0.0000
0.0000
0.0000
0.0000
0.0000
0.0000
0.0000
0.0000
-6.9282
-10.7240
-13.4160
-15.5880
-17.4360
-19.0530
-20.4940
-21.7940
-22.9780
-24.0620
-25.0600
-25.9810
-26.8330
-27.6220
-28.3550
-29.0340
-29.6650
-30.2490
-30.7900
-31.2890
-31.7490
-32.1710
-32.5580
-32.9090
-33.2260
-33.5110
-33.7640
-33.9850
-34.1760
-34.3370
-34.4670
-34.5690
-34.6410
-34.6840
-34.6990
-34.6840
-34.6410
-34.5690
-34.4670
-34.3370
-34.1760
-33.9850
-33.7640
-33.5110
-33.2260
-32.9090
-32.5580
-32.1710
-31.7490
-31.2890
-30.7900
-30.2490
-29.6650
-29.0340
-28.3550
-27.6220
-26.8330
-25.9810
-25.0600
-24.0620
-22.9780
-21.7940
-20.4940
-19.0530
-17.4360
-15.5880
-13.4160
-10.7240
-6.9282
0.0000
0.0000
0.0000
0.0000
0.0000
0.0000
0.0000
0.0000
0.0000
0.0000
0.0000
0.0000
0.0000
0.0000
0.0000
0.0000
0.0000
0.0000
0.0000
0.0000
0.0000
0.0000
0.0000
0.0000
0.0000
0.0000
0.0000
0.0000
0.0000
0.0000
0.0000
0.0000
-6.4807
-10.3440
-13.0380
-15.1990
-17.0290
-18.6280
-20.0500
-21.3310
-22.4940
-23.5580
-24.5360
-25.4360
-26.2680
-27.0370
-27.7490
-28.4080
-29.0170
-29.5800
-30.1000
-30.5780
-31.0160
-31.4170
-31.7800
-32.1090
-32.4040
-32.6650
-32.8940
-33.0910
-33.2570
-33.3920
-33.4960
-33.5710
-33.6150
-33.6300
-33.6150
-33.5710
-33.4960
-33.3920
-33.2570
-33.0910
-32.8940
-32.6650
-32.4040
-32.1090
-31.7800
-31.4170
-31.0160
-30.5780
-30.1000
-29.5800
-29.0170
-28.4080
-27.7490
-27.0370
-26.2680
-25.4360
-24.5360
-23.5580
-22.4940
-21.3310
-20.0500
-18.6280
-17.0290
-15.1990
-13.0380
-10.3440
-6.4807
0.0000
0.0000
0.0000
0.0000
0.0000
0.0000
0.0000
0.0000
0.0000
0.0000
0.0000
0.0000
0.0000
0.0000
0.0000
0.0000
0.0000
0.0000
0.0000
0.0000
0.0000
0.0000
0.0000
0.0000
0.0000
0.0000
0.0000
0.0000
0.0000
0.0000
0.0000
0.0000
0.0000
0.0000
-5.6569
-9.7468
-12.4900
-14.6630
-16.4920
-18.0830
-19.4940
-20.7610
-21.9090
-22.9560
-23.9170
-24.7990
-25.6120
-26.3630
-27.0550
-27.6950
-28.2840
-28.8270
-29.3260
-29.7830
-30.1990
-30.5780
-30.9190
-31.2250
-31.4960
-31.7330
-31.9370
-32.1090
-32.2490
-32.3570
-32.4350
-32.4810
-32.4960
-32.4810
-32.4350
-32.3570
-32.2490
-32.1090
-31.9370
-31.7330
-31.4960
-31.2250
-30.9190
-30.5780
-30.1990
-29.7830
-29.3260
-28.8270
-28.2840
-27.6950
-27.0550
-26.3630
-25.6120
-24.7990
-23.9170
-22.9560
-21.9090
-20.7610
-19.4940
-18.0830
-16.4920
-14.6630
-12.4900
-9.7468
-5.6569
0.0000
0.0000
0.0000
0.0000
0.0000
0.0000
0.0000
0.0000
0.0000
0.0000
0.0000
0.0000
0.0000
0.0000
0.0000
0.0000
0.0000
0.0000
0.0000
0.0000
0.0000
0.0000
0.0000
0.0000
0.0000
0.0000
0.0000
0.0000
0.0000
0.0000
0.0000
0.0000
0.0000
0.0000
0.0000
0.0000
-4.2426
-8.8882
-11.7470
-13.9640
-15.8110
-17.4070
-18.8150
-20.0750
-21.2130
-22.2490
-23.1950
-24.0620
-24.8600
-25.5930
-26.2680
-26.8890
-27.4590
-27.9820
-28.4600
-28.8960
-29.2920
-29.6480
-29.9670
-30.2490
-30.4960
-30.7080
-30.8870
-31.0320
-31.1450
-31.2250
-31.2730
-31.2890
-31.2730
-31.2250
-31.1450
-31.0320
-30.8870
-30.7080
-30.4960
-30.2490
-29.9670
-29.6480
-29.2920
-28.8960
-28.4600
-27.9820
-27.4590
-26.8890
-26.2680
-25.5930
-24.8600
-24.0620
-23.1950
-22.2490
-21.2130
-20.0750
-18.8150
-17.4070
-15.8110
-13.9640
-11.7470
-8.8882
-4.2426
0.0000
0.0000
0.0000
0.0000
0.0000
0.0000
0.0000
0.0000
0.0000
0.0000
0.0000
0.0000
0.0000
0.0000
0.0000
0.0000
0.0000
0.0000
0.0000
0.0000
0.0000
0.0000
0.0000
0.0000
0.0000
0.0000
0.0000
0.0000
0.0000
0.0000
0.0000
0.0000
0.0000
0.0000
0.0000
0.0000
0.0000
0.0000
0.0000
-7.6811
-10.7700
-13.0770
-14.9670
-16.5830
-18.0000
-19.2610
-20.3960
-21.4240
-22.3610
-23.2160
-24.0000
-24.7180
-25.3770
-25.9810
-26.5330
-27.0370
-27.4950
-27.9110
-28.2840
-28.6180
-28.9140
-29.1720
-29.3940
-29.5800
-29.7320
-29.8500
-29.9330
-29.9830
-30.0000
-29.9830
-29.9330
-29.8500
-29.7320
-29.5800
-29.3940
-29.1720
-28.9140
-28.6180
-28.2840
-27.9110
-27.4950
-27.0370
-26.5330
-25.9810
-25.3770
-24.7180
-24.0000
-23.2160
-22.3610
-21.4240
-20.3960
-19.2610
-18.0000
-16.5830
-14.9670
-13.0770
-10.7700
-7.6811
0.0000
0.0000
0.0000
0.0000
0.0000
0.0000
0.0000
0.0000
0.0000
0.0000
0.0000
0.0000
0.0000
0.0000
0.0000
0.0000
0.0000
0.0000
0.0000
0.0000
0.0000
0.0000
0.0000
0.0000
0.0000
0.0000
0.0000
0.0000
0.0000
0.0000
0.0000
0.0000
0.0000
0.0000
0.0000
0.0000
0.0000
0.0000
0.0000
0.0000
0.0000
0.0000
-5.9161
-9.4868
-11.9580
-13.9280
-15.5880
-17.0290
-18.3030
-19.4420
-20.4690
-21.4010
-22.2490
-23.0220
-23.7280
-24.3720
-24.9600
-25.4950
-25.9810
-26.4200
-26.8140
-27.1660
-27.4770
-27.7490
-27.9820
-28.1780
-28.3370
-28.4600
-28.5480
-28.6010
-28.6180
-28.6010
-28.5480
-28.4600
-28.3370
-28.1780
-27.9820
-27.7490
-27.4770
-27.1660
-26.8140
-26.4200
-25.9810
-25.4950
-24.9600
-24.3720
-23.7280
-23.0220
-22.2490
-21.4010
-20.4690
-19.4420
-18.3030
-17.0290
-15.5880
-13.9280
-11.9580
-9.4868
-5.9161
0.0000
0.0000
0.0000
0.0000
0.0000
0.0000
0.0000
0.0000
0.0000
0.0000
0.0000
0.0000
0.0000
0.0000
0.0000
0.0000
0.0000
0.0000
0.0000
0.0000
0.0000
0.0000
0.0000
0.0000
0.0000
0.0000
0.0000
0.0000
0.0000
0.0000
0.0000
0.0000
0.0000
0.0000
0.0000
0.0000
0.0000
0.0000
0.0000
0.0000
0.0000
0.0000
0.0000
0.0000
-2.6458
-7.7460
-10.5360
-12.6490
-14.3870
-15.8750
-17.1760
-18.3300
-19.3650
-20.2980
-21.1420
-21.9090
-22.6050
-23.2380
-23.8120
-24.3310
-24.7990
-25.2190
-25.5930
-25.9230
-26.2110
-26.4580
-26.6650
-26.8330
-26.9630
-27.0550
-27.1110
-27.1290
-27.1110
-27.0550
-26.9630
-26.8330
-26.6650
-26.4580
-26.2110
-25.9230
-25.5930
-25.2190
-24.7990
-24.3310
-23.8120
-23.2380
-22.6050
-21.9090
-21.1420
-20.2980
-19.3650
-18.3300
-17.1760
-15.8750
-14.3870
-12.6490
-10.5360
-7.7460
-2.6458
0.0000
0.0000
0.0000
0.0000
0.0000
0.0000
0.0000
0.0000
0.0000
0.0000
0.0000
0.0000
0.0000
0.0000
0.0000
0.0000
0.0000
0.0000
0.0000
0.0000
0.0000
0.0000
0.0000
0.0000
0.0000
0.0000
0.0000
0.0000
0.0000
0.0000
0.0000
0.0000
0.0000
0.0000
0.0000
0.0000
0.0000
0.0000
0.0000
0.0000
0.0000
0.0000
0.0000
0.0000
0.0000
0.0000
0.0000
-5.0990
-8.6603
-11.0450
-12.9230
-14.4910
-15.8430
-17.0290
-18.0830
-19.0260
-19.8750
-20.6400
-21.3310
-21.9540
-22.5170
-23.0220
-23.4730
-23.8750
-24.2280
-24.5360
-24.7990
-25.0200
-25.1990
-25.3380
-25.4360
-25.4950
-25.5150
-25.4950
-25.4360
-25.3380
-25.1990
-25.0200
-24.7990
-24.5360
-24.2280
-23.8750
-23.4730
-23.0220
-22.5170
-21.9540
-21.3310
-20.6400
-19.8750
-19.0260
-18.0830
-17.0290
-15.8430
-14.4910
-12.9230
-11.0450
-8.6603
-5.0990
0.0000
0.0000
0.0000
0.0000
0.0000
0.0000
0.0000
0.0000
0.0000
0.0000
0.0000
0.0000
0.0000
0.0000
0.0000
0.0000
0.0000
0.0000
0.0000
0.0000
0.0000
0.0000
0.0000
0.0000
0.0000
0.0000
0.0000
0.0000
0.0000
0.0000
0.0000
0.0000
0.0000
0.0000
0.0000
0.0000
0.0000
0.0000
0.0000
0.0000
0.0000
0.0000
0.0000
0.0000
0.0000
0.0000
0.0000
0.0000
0.0000
0.0000
0.0000
-5.9161
-8.9443
-11.0910
-12.8060
-14.2480
-15.4920
-16.5830
-17.5500
-18.4120
-19.1830
-19.8750
-20.4940
-21.0480
-21.5410
-21.9770
-22.3610
-22.6940
-22.9780
-23.2160
-23.4090
-23.5580
-23.6640
-23.7280
-23.7490
-23.7280
-23.6640
-23.5580
-23.4090
-23.2160
-22.9780
-22.6940
-22.3610
-21.9770
-21.5410
-21.0480
-20.4940
-19.8750
-19.1830
-18.4120
-17.5500
-16.5830
-15.4920
-14.2480
-12.8060
-11.0910
-8.9443
-5.9161
0.0000
0.0000
0.0000
0.0000
0.0000
0.0000
0.0000
0.0000
0.0000
0.0000
0.0000
0.0000
0.0000
0.0000
0.0000
0.0000
0.0000
0.0000
0.0000
0.0000
0.0000
0.0000
0.0000
0.0000
0.0000
0.0000
0.0000
0.0000
0.0000
0.0000
0.0000
0.0000
0.0000
0.0000
0.0000
0.0000
0.0000
0.0000
0.0000
0.0000
0.0000
0.0000
0.0000
0.0000
0.0000
0.0000
0.0000
0.0000
0.0000
0.0000
0.0000
0.0000
0.0000
0.0000
0.0000
-5.8310
-8.6603
-10.6770
-12.2880
-13.6380
-14.7990
-15.8110
-16.7030
-17.4930
-18.1930
-18.8150
-19.3650
-19.8490
-20.2730
-20.6400
-20.9520
-21.2130
-21.4240
-21.5870
-21.7030
-21.7720
-21.7940
-21.7720
-21.7030
-21.5870
-21.4240
-21.2130
-20.9520
-20.6400
-20.2730
-19.8490
-19.3650
-18.8150
-18.1930
-17.4930
-16.7030
-15.8110
-14.7990
-13.6380
-12.2880
-10.6770
-8.6603
-5.8310
0.0000
0.0000
0.0000
0.0000
0.0000
0.0000
0.0000
0.0000
0.0000
0.0000
0.0000
0.0000
0.0000
0.0000
0.0000
0.0000
0.0000
0.0000
0.0000
0.0000
0.0000
0.0000
0.0000
0.0000
0.0000
0.0000
0.0000
0.0000
0.0000
0.0000
0.0000
0.0000
0.0000
0.0000
0.0000
0.0000
0.0000
0.0000
0.0000
0.0000
0.0000
0.0000
0.0000
0.0000
0.0000
0.0000
0.0000
0.0000
0.0000
0.0000
0.0000
0.0000
0.0000
0.0000
0.0000
0.0000
0.0000
0.0000
0.0000
-4.7958
-7.7460
-9.7468
-11.3140
-12.6100
-13.7110
-14.6630
-15.4920
-16.2170
-16.8520
-17.4070
-17.8890
-18.3030
-18.6550
-18.9470
-19.1830
-19.3650
-19.4940
-19.5700
-19.5960
-19.5700
-19.4940
-19.3650
-19.1830
-18.9470
-18.6550
-18.3030
-17.8890
-17.4070
-16.8520
-16.2170
-15.4920
-14.6630
-13.7110
-12.6100
-11.3140
-9.7468
-7.7460
-4.7958
0.0000
0.0000
0.0000
0.0000
0.0000
0.0000
0.0000
0.0000
0.0000
0.0000
0.0000
0.0000
0.0000
0.0000
0.0000
0.0000
0.0000
0.0000
0.0000
0.0000
0.0000
0.0000
0.0000
0.0000
0.0000
0.0000
0.0000
0.0000
0.0000
0.0000
0.0000
0.0000
0.0000
0.0000
0.0000
0.0000
0.0000
0.0000
0.0000
0.0000
0.0000
0.0000
0.0000
0.0000
0.0000
0.0000
0.0000
0.0000
0.0000
0.0000
0.0000
0.0000
0.0000
0.0000
0.0000
0.0000
0.0000
0.0000
0.0000
0.0000
0.0000
0.0000
0.0000
-1.4142
-5.9161
-8.1240
-9.7468
-11.0450
-12.1240
-13.0380
-13.8200
-14.4910
-15.0670
-15.5560
-15.9690
-16.3100
-16.5830
-16.7930
-16.9410
-17.0290
-17.0590
-17.0290
-16.9410
-16.7930
-16.5830
-16.3100
-15.9690
-15.5560
-15.0670
-14.4910
-13.8200
-13.0380
-12.1240
-11.0450
-9.7468
-8.1240
-5.9161
-1.4142
0.0000
0.0000
0.0000
0.0000
0.0000
0.0000
0.0000
0.0000
0.0000
0.0000
0.0000
0.0000
0.0000
0.0000
0.0000
0.0000
0.0000
0.0000
0.0000
0.0000
0.0000
0.0000
0.0000
0.0000
0.0000
0.0000
0.0000
0.0000
0.0000
0.0000
0.0000
0.0000
0.0000
0.0000
0.0000
0.0000
0.0000
0.0000
0.0000
0.0000
0.0000
0.0000
0.0000
0.0000
0.0000
0.0000
0.0000
0.0000
0.0000
0.0000
0.0000
0.0000
0.0000
0.0000
0.0000
0.0000
0.0000
0.0000
0.0000
0.0000
0.0000
0.0000
0.0000
0.0000
0.0000
0.0000
0.0000
0.0000
0.0000
-5.1962
-7.2111
-8.6603
-9.7980
-10.7240
-11.4890
-12.1240
-12.6490
-13.0770
-13.4160
-13.6750
-13.8560
-13.9640
-14.0000
-13.9640
-13.8560
-13.6750
-13.4160
-13.0770
-12.6490
-12.1240
-11.4890
-10.7240
-9.7980
-8.6603
-7.2111
-5.1962
0.0000
0.0000
0.0000
0.0000
0.0000
0.0000
0.0000
0.0000
0.0000
0.0000
0.0000
0.0000
0.0000
0.0000
0.0000
0.0000
0.0000
0.0000
0.0000
0.0000
0.0000
0.0000
0.0000
0.0000
0.0000
0.0000
0.0000
0.0000
0.0000
0.0000
0.0000
0.0000
0.0000
0.0000
0.0000
0.0000
0.0000
0.0000
0.0000
0.0000
0.0000
0.0000
0.0000
0.0000
0.0000
0.0000
0.0000
0.0000
0.0000
0.0000
0.0000
0.0000
0.0000
0.0000
0.0000
0.0000
0.0000
0.0000
0.0000
0.0000
0.0000
0.0000
0.0000
0.0000
0.0000
0.0000
0.0000
0.0000
0.0000
0.0000
0.0000
0.0000
0.0000
0.0000
0.0000
0.0000
0.0000
-4.2426
-5.9161
-7.0711
-7.9373
-8.6023
-9.1104
-9.4868
-9.7468
-9.8995
-9.9499
-9.8995
-9.7468
-9.4868
-9.1104
-8.6023
-7.9373
-7.0711
-5.9161
-4.2426
0.0000
0.0000
0.0000
0.0000
0.0000
0.0000
0.0000
0.0000
0.0000
0.0000
0.0000
0.0000
0.0000
0.0000
0.0000
0.0000
0.0000
0.0000
0.0000
0.0000
0.0000
0.0000
0.0000
0.0000
0.0000
0.0000
0.0000
0.0000
0.0000
0.0000
0.0000
0.0000
0.0000
0.0000
0.0000
0.0000
0.0000
0.0000
0.0000
0.0000
0.0000
0.0000
0.0000
0.0000
0.0000
0.0000
0.0000
0.0000
0.0000
0.0000
0.0000
0.0000
0.0000
0.0000
0.0000
0.0000
0.0000
0.0000
0.0000
0.0000
0.0000
0.0000
0.0000
0.0000
0.0000
0.0000
0.0000
0.0000
0.0000
0.0000
0.0000
0.0000
0.0000
0.0000
0.0000
0.0000
0.0000
0.0000
0.0000
0.0000
0.0000
0.0000
0.0000
0.0000
0.0000
0.0000
0.0000
0.0000
0.0000
0.0000
0.0000
0.0000
0.0000
0.0000
0.0000
0.0000
0.0000
0.0000
0.0000
0.0000
0.0000
0.0000
0.0000
0.0000
0.0000
0.0000
0.0000
0.0000
0.0000
0.0000
0.0000
0.0000
0.0000
0.0000
0.0000
0.0000
0.0000
0.0000
0.0000
0.0000
0.0000
0.0000
0.0000
0.0000
0.0000
0.0000
0.0000
0.0000
0.0000
0.0000
0.0000
0.0000
0.0000
0.0000
0.0000
0.0000
0.0000
0.0000
0.0000
0.0000
